2415791
2415791
2427673
2427674
2427682
2427682
2427690
2427690
2427907
2427908
2427915
2428318
2428318
2428319
2428326
2428326
2429839
2429846
2429846
2429847
2429854
2429854
2429861
2492436
2492442
2614706
2614712
2617713
2617713
2617720
2617720
2617726
4682231
4682243
4682657
4682656
4682662
4682662
1739249
1836649
1836649
1867975
1867975
1867975
3812086
3906367
3906370
3906367
3917230
3918934
4598884
4607759
4607759
4607962
4607958
4607962
4608160
4608160
4608164
4608165
4607958
4608169
4585512
4609241
4609241
4609246
4609256
4609256
4609261
4609261
4685667
4685673
4685678
4685678
