-4.480100 -17.496000 -0.003640
-4.464800 -17.488000 -0.003650
4.003600 -12.332000 -0.004050
4.349000 -12.011000 -0.003920
5.003600 -11.386000 -0.004320
5.208200 -11.206000 -0.004400
9.208200 -5.482600 -0.024940
9.375200 -5.065000 -0.017730
9.792000 4.504700 -0.009390
9.717200 4.746000 -0.008210
9.654400 5.002600 -0.007110
9.584200 5.191700 -0.006050
-30.688000 -0.523010 0.004660
-30.689000 -0.504300 0.004670
1.638000 14.950000 0.001020
1.567300 14.999000 0.001060
0.999340 15.368000 0.001070
0.790410 15.499000 0.001130
-0.925570 16.500000 0.001130
-0.500440 16.264000 0.001150
4.999800 12.175000 0.000210
4.663600 12.500000 0.000320
4.499800 12.662000 0.000320
4.127800 13.000000 0.000410
2.999900 13.949000 0.000730
2.932200 14.000000 0.000720
2.359900 14.433000 0.000850
2.268300 14.499000 0.000890
8.994500 6.689700 0.002520
8.855100 6.998700 0.003200
8.706900 7.283100 0.003620
8.611300 7.497200 0.003840
