-4.120000000000000398e-03 -6.146200000000000552e-01 1.232339999999999991e+00 -1.910000000000000022e-03 -5.567900000000000071e-01 4.594599999999999795e-01 -3.761540000000000106e+00 8.691940000000000666e+00 8.970999999999999808e-02
-4.120000000000000398e-03 1.205999999999999954e-02 1.859019999999999895e+00 -1.910000000000000022e-03 6.340000000000000149e-03 1.022590000000000110e+00 -3.761540000000000106e+00 7.195149999999999935e+00 -1.407070000000000043e+00
-5.389999999999999826e-03 -6.484999999999999654e-01 1.351599999999999913e+00 -2.560000000000000209e-03 -6.560899999999999510e-01 5.916099999999999692e-01 -4.356440000000000090e+00 9.335929999999999396e+00 1.073800000000000032e-01
2.950300000000000145e-01 1.323000000000000044e-02 2.013329999999999842e+00 2.755699999999999816e-01 8.460000000000000506e-03 1.256159999999999943e+00 -3.902449999999999974e+00 9.336949999999999861e+00 1.083999999999999964e-01
-5.839999999999999705e-03 -6.434699999999999864e-01 1.426700000000000079e+00 -3.799999999999999992e-03 -7.495100000000000096e-01 7.052899999999999725e-01 -5.147840000000000416e+00 1.019190000000000040e+01 1.280699999999999894e-01
-6.440000000000000412e-03 1.209999999999999964e-02 1.754920000000000035e+00 -3.880000000000000202e-03 1.010999999999999920e-02 1.116489999999999982e+00 -5.973200000000000287e+00 1.019316000000000066e+01 -1.055010000000000003e+00
-6.459999999999999597e-03 -6.229200000000000292e-01 1.443980000000000041e+00 -5.170000000000000116e-03 -8.304799999999999960e-01 7.798699999999999521e-01 -6.181790000000000340e+00 1.132217999999999947e+01 1.527600000000000069e-01
9.151099999999999790e-01 1.234000000000000027e-02 2.079239999999999977e+00 1.144579999999999931e+00 1.146999999999999929e-02 1.621820000000000039e+00 -6.919649999999999856e+00 1.132457999999999920e+01 1.551599999999999924e-01
-7.680000000000000195e-03 -5.886500000000000066e-01 1.393159999999999954e+00 -6.510000000000000162e-03 -8.895899999999999919e-01 7.889599999999999946e-01 -7.477030000000000065e+00 1.264700000000000024e+01 1.756699999999999928e-01
3.641099999999999892e-01 1.293000000000000052e-02 1.994739999999999958e+00 5.075600000000000112e-01 1.331000000000000065e-02 1.691859999999999919e+00 -7.622830000000000439e+00 1.266032000000000046e+01 1.889800000000000091e-01
-7.329999999999999710e-03 -9.399699999999999722e-01 1.623299999999999965e+00 -7.139999999999999646e-03 -1.618449999999999944e+00 1.177159999999999984e+00 -7.609689999999999621e+00 9.495419999999999305e+00 2.021199999999999941e-01
3.842400000000000260e-01 4.060300000000000020e-01 1.828389999999999960e+00 5.960999999999999632e-01 6.178799999999999848e-01 1.624610000000000110e+00 -9.636400000000000077e+00 1.264329999999999998e+01 2.275999999999999968e-01
-9.459999999999999659e-03 -5.305299999999999461e-01 1.434690000000000021e+00 -1.010999999999999920e-02 -1.065860000000000030e+00 1.018410000000000037e+00 -9.635600000000000165e+00 1.420374999999999943e+01 2.283999999999999919e-01
4.033900000000000263e-01 1.212000000000000056e-02 1.977340000000000098e+00 7.275399999999999645e-01 1.654999999999999874e-02 2.100820000000000132e+00 -1.011436999999999919e+01 1.423633000000000060e+01 2.609699999999999798e-01
-9.570000000000000381e-03 -4.860700000000000021e-01 1.564370000000000038e+00 -1.110000000000000049e-02 -1.192129999999999912e+00 1.362179999999999946e+00 -1.010546000000000078e+01 1.425500000000000078e+01 2.698800000000000088e-01
8.608500000000000041e-01 1.097000000000000058e-02 2.061409999999999965e+00 1.835599999999999898e+00 1.751000000000000126e-02 2.571810000000000151e+00 -1.115590000000000082e+01 1.427009999999999934e+01 2.849800000000000111e-01
-1.136999999999999990e-02 -4.087000000000000077e-01 1.263619999999999965e+00 -1.459000000000000054e-02 -1.079879999999999951e+00 9.420800000000000285e-01 -1.241531999999999947e+01 1.561856000000000044e+01 2.663499999999999757e-01
3.680999999999999828e-01 1.157000000000000042e-02 1.683890000000000109e+00 8.802499999999999769e-01 1.697999999999999857e-02 2.038940000000000197e+00 -1.345983000000000018e+01 1.567889000000000088e+01 3.266700000000000159e-01
-1.140000000000000041e-02 -3.503000000000000003e-01 1.304400000000000004e+00 -1.626999999999999974e-02 -1.171489999999999920e+00 1.142419999999999991e+00 -1.348774000000000051e+01 1.626217000000000112e+01 2.987600000000000255e-01
3.449900000000000189e-01 1.125999999999999918e-02 1.665950000000000042e+00 1.000029999999999974e+00 1.788000000000000006e-02 2.331789999999999807e+00 -1.456653999999999982e+01 1.632518999999999920e+01 3.617799999999999905e-01
-1.142999999999999919e-02 -2.760500000000000176e-01 1.309539999999999926e+00 -1.789999999999999925e-02 -1.250469999999999970e+00 1.313860000000000028e+00 -1.459403999999999968e+01 1.688156000000000034e+01 3.342899999999999761e-01
3.105899999999999772e-01 1.094999999999999966e-02 1.596530000000000005e+00 1.117310000000000025e+00 1.859999999999999848e-02 2.582930000000000170e+00 -1.578143000000000029e+01 1.694829000000000008e+01 4.010199999999999876e-01
-1.111999999999999968e-02 8.580000000000000820e-03 1.274829999999999908e+00 -1.939000000000000098e-02 1.239999999999999956e-02 1.446229999999999905e+00 -1.581235999999999997e+01 1.490789999999999971e+01 3.700899999999999745e-01
2.907299999999999884e-01 8.619999999999999191e-03 1.281830000000000025e+00 2.313429999999999875e+00 1.927999999999999853e-02 2.898509999999999920e+00 -1.581653999999999982e+01 1.822344000000000008e+01 4.873199999999999754e-01
-1.171800000000000064e-01 -1.014599999999999946e-01 9.840100000000000513e-01 -9.806300000000000017e-01 -9.468400000000000150e-01 5.705500000000000016e-01 -1.882966000000000051e+01 1.540014000000000038e+01 2.974999999999999867e-01
-1.033689999999999998e+00 -3.739999999999999835e-03 -5.335400000000000142e-01 1.570060000000000011e+00 3.388000000000000039e-02 2.344469999999999832e+00 -3.293722999999999956e+01 1.888832999999999984e+01 9.034100000000000463e-01
2.350000000000000092e-03 4.979600000000000137e-01 5.024999999999999467e-01 -5.324000000000000260e-02 -5.753300000000000081e-01 7.211699999999999777e-01 -3.327870999999999668e+01 1.441865999999999914e+01 5.619199999999999751e-01
-1.177259999999999973e+00 -1.193829999999999947e+00 -6.961399999999999810e-01 1.444450000000000012e+00 1.503020000000000023e+00 1.972769999999999913e+00 -3.367340000000000089e+01 9.508079999999999643e+00 9.484799999999999898e-01
1.115000000000000019e-02 4.546499999999999986e-01 4.922699999999999854e-01 -4.560000000000000164e-02 -3.980099999999999749e-01 4.827199999999999824e-01 -3.406210000000000093e+01 1.168284000000000056e+01 5.597800000000000553e-01
2.181999999999999912e-02 -1.013000000000000012e-02 2.749000000000000055e-02 -4.921999999999999986e-02 9.129999999999999227e-03 8.898599999999999843e-01 -3.996032999999999902e+01 1.184742999999999924e+01 7.243699999999999584e-01
2.181999999999999912e-02 5.970400000000000151e-01 2.749000000000000055e-02 -4.921999999999999986e-02 -4.001299999999999857e-01 8.898599999999999843e-01 -3.996032999999999902e+01 1.373395999999999972e+01 7.243699999999999584e-01
-1.222460000000000102e+00 -1.625000000000000056e-02 -5.857999999999999874e-01 1.084000000000000075e+00 -6.919999999999999936e-03 1.283069999999999933e+00 -3.148293999999999926e+01 1.392444000000000059e+01 9.148500000000000520e-01
2.750999999999999973e-02 -1.370000000000000037e-02 4.254800000000000249e-01 1.701000000000000081e-02 5.559999999999999838e-03 -5.519800000000000262e-01 -4.093227999999999867e+01 -6.752729999999999677e+00 -2.585789999999999811e+00
3.719000000000000083e-02 1.006059999999999954e+00 7.070899999999999963e-01 2.171999999999999972e-02 8.249999999999999556e-01 -4.819700000000000095e-01 -3.400336999999999676e+01 -7.935019999999999740e+00 5.191599999999999548e-01
2.406000000000000152e-02 -2.435100000000000042e-01 5.060000000000000053e-01 3.928000000000000241e-02 -2.331499999999999961e-01 -9.934399999999999897e-01 -3.801518000000000086e+01 -7.381190000000000140e+00 5.783099999999999907e-01
2.406000000000000152e-02 8.680000000000000215e-03 7.581799999999999651e-01 3.928000000000000241e-02 2.072999999999999843e-02 -7.395599999999999952e-01 -3.801518000000000086e+01 -1.185697000000000045e+01 -3.897460000000000147e+00
1.661999999999999936e-02 -1.684700000000000086e-01 7.507500000000000284e-01 3.087000000000000161e-02 -2.873700000000000143e-01 -7.479700000000000237e-01 -3.363038999999999845e+01 -6.737059999999999604e+00 4.873199999999999754e-01
1.661999999999999936e-02 5.170000000000000116e-03 9.243799999999999795e-01 3.087000000000000161e-02 2.128000000000000030e-02 -4.393199999999999883e-01 -3.363038999999999845e+01 -1.258708999999999989e+01 -5.362720000000000375e+00
-3.699999999999999947e-04 -1.219999999999999947e-03 3.476329999999999920e+00 -6.000000000000000152e-05 -4.200000000000000174e-04 5.173400000000000221e-01 1.563000000000000153e-02 7.560999999999999666e-02 -1.684000000000000080e-02
-5.500000000000000331e-04 2.305999999999999994e-01 6.120350000000000179e+00 -1.200000000000000030e-04 8.401999999999999746e-02 1.335490000000000066e+00 4.941000000000000253e-02 -2.559299999999999908e-01 -3.760999999999999760e-02
-5.199999999999999544e-04 4.600000000000000139e-04 6.194799999999999862e+00 -1.200000000000000030e-04 -1.600000000000000131e-04 1.360400000000000054e+00 5.031999999999999668e-02 -3.475800000000000001e-01 -3.837999999999999745e-02
6.999999999999999929e-04 -3.959999999999999978e-03 1.362457000000000029e+01 -6.000000000000000152e-05 1.699999999999999905e-03 -3.296999999999999931e-02 7.201000000000000456e-02 3.739999999999999835e-03 -3.744999999999999718e-02
6.999999999999999929e-04 4.870000000000000197e-03 1.363340999999999958e+01 -6.000000000000000152e-05 -8.422000000000000319e-02 -1.189000000000000057e-01 7.201000000000000456e-02 3.599999999999999901e-03 -3.760000000000000148e-02
6.300000000000000261e-04 -3.710000000000000190e-03 1.363334000000000046e+01 -5.000000000000000240e-05 1.660000000000000017e-03 -1.188799999999999996e-01 7.212999999999999967e-02 1.110000000000000092e-03 -3.747000000000000330e-02
-6.300000000000000261e-04 7.700000000000000247e-03 4.190920000000000201e+00 1.200000000000000030e-04 -2.999999999999999737e-04 -5.775900000000000478e-01 1.887000000000000136e-02 -1.227700000000000041e-01 -1.872000000000000053e-02
-8.099999999999999561e-04 -1.418000000000000094e-01 5.730550000000000033e+00 2.300000000000000070e-04 8.291999999999999371e-02 -1.083769999999999900e+00 2.990999999999999909e-02 1.827799999999999980e-01 -3.198000000000000148e-02
-8.199999999999999824e-04 4.700000000000000185e-03 6.020870000000000388e+00 2.200000000000000078e-04 -1.639999999999999965e-03 -1.207740000000000036e+00 3.065000000000000016e-02 1.741300000000000070e-01 -3.670000000000000345e-02
-8.099999999999999561e-04 6.109999999999999980e-03 5.730550000000000033e+00 2.300000000000000070e-04 -1.959999999999999937e-03 -1.083769999999999900e+00 2.990999999999999909e-02 9.657999999999999918e-02 -3.198000000000000148e-02
1.006699999999999956e-01 4.579999999999999870e-03 8.917400000000000659e+00 -3.948000000000000120e-02 -8.300000000000000086e-04 -2.127569999999999961e+00 6.131000000000000338e-02 3.203400000000000136e-01 -4.671999999999999764e-02
-4.000000000000000192e-04 -5.311399999999999455e-01 1.203930000000000078e+01 3.499999999999999964e-04 3.681000000000000244e-02 -2.826900000000000190e+00 1.007200000000000040e-01 5.210999999999999660e-02 -5.632999999999999813e-02
6.000000000000000152e-05 6.899999999999999667e-04 1.909839999999999982e+00 2.500000000000000052e-04 1.180000000000000059e-03 -7.659599999999999742e-01 -1.781549999999999967e+00 -5.636129999999999640e+00 -9.255299999999999638e-01
1.139999999999999954e-03 9.100000000000000016e-04 2.406460000000000043e+00 1.799999999999999951e-03 2.340000000000000066e-03 -2.740590000000000082e+00 -1.013841999999999999e+01 -1.467326000000000086e+01 -1.925170000000000048e+00
1.139999999999999954e-03 -5.235600000000000254e-01 1.881990000000000052e+00 1.799999999999999951e-03 1.230809999999999960e+00 -1.512129999999999974e+00 -1.013841999999999999e+01 -1.295532000000000039e+01 -2.072299999999999975e-01
3.499999999999999964e-04 -6.982800000000000118e-01 1.779630000000000045e+00 1.860000000000000108e-03 8.450699999999999878e-01 -9.313700000000000312e-01 -5.645570000000000199e+00 -9.202529999999999433e+00 -1.160800000000000026e-01
7.100000000000000191e-04 2.119999999999999923e-03 2.150980000000000114e+00 1.500000000000000031e-03 2.210000000000000159e-03 -1.425210000000000088e+00 -5.447530000000000427e+00 -1.101763000000000048e+01 -1.262800000000000034e-01
-3.084999999999999964e-01 1.260000000000000052e-03 1.779630000000000045e+00 2.943100000000000160e-01 2.370000000000000145e-03 -9.313700000000000312e-01 -4.518709999999999560e+00 -1.092220999999999975e+01 -1.160800000000000026e-01
-3.335400000000000031e-01 1.930000000000000075e-03 2.260330000000000172e+00 5.969799999999999551e-01 1.160000000000000007e-03 -2.156489999999999796e+00 -5.852120000000000211e+00 -1.336434000000000033e+01 -1.960999999999999965e-01
1.369999999999999907e-03 -5.470300000000000162e-01 2.046269999999999811e+00 1.389999999999999960e-03 1.143359999999999932e+00 -1.609869999999999912e+00 -8.393560000000000798e+00 -1.080552999999999919e+01 -1.787400000000000100e-01
1.389999999999999960e-03 -5.899600000000000399e-01 2.137020000000000142e+00 1.100000000000000066e-03 1.054170000000000051e+00 -1.569860000000000033e+00 -6.728580000000000005e+00 -9.041610000000000369e+00 -1.487999999999999878e-01
1.139999999999999954e-03 2.119999999999999923e-03 2.401299999999999990e+00 1.750000000000000036e-03 1.699999999999999905e-03 -2.144130000000000091e+00 -7.993979999999999642e+00 -1.318262999999999963e+01 -1.722359999999999891e+00
7.399999999999999894e-04 -6.547800000000000287e-01 1.818799999999999972e+00 1.830000000000000029e-03 9.399899999999999922e-01 -1.063050000000000050e+00 -6.705949999999999633e+00 -1.024995999999999974e+01 -1.351499999999999924e-01
-3.383599999999999941e-01 2.540000000000000157e-03 2.137020000000000142e+00 4.334399999999999920e-01 1.559999999999999972e-03 -1.569860000000000033e+00 -4.852240000000000109e+00 -1.211731999999999942e+01 -1.487999999999999878e-01
-2.469800000000000051e-01 -1.250000000000000026e-03 1.447659999999999947e+00 1.442209999999999992e+00 7.080000000000000356e-03 -2.341699999999999893e+00 -1.558463000000000065e+01 -1.720714999999999861e+01 -4.112199999999999744e-01
-6.599999999999999964e-04 -9.994999999999999718e-02 1.595280000000000031e+00 5.969999999999999613e-03 1.508299999999999974e+00 -2.276720000000000077e+00 -1.662342999999999904e+01 -1.613187999999999889e+01 -3.747599999999999820e-01
-3.249000000000000221e-01 -1.059999999999999961e-03 1.595280000000000031e+00 1.344149999999999956e+00 6.300000000000000044e-03 -2.276720000000000077e+00 -1.427327999999999975e+01 -1.682620999999999967e+01 -3.747599999999999820e-01
-4.099999999999999912e-04 -2.193199999999999872e-01 1.701510000000000078e+00 4.530000000000000172e-03 1.503079999999999972e+00 -2.119569999999999954e+00 -1.528755999999999915e+01 -1.577363000000000071e+01 -3.364500000000000268e-01
-3.375500000000000167e-01 -3.200000000000000262e-04 2.143679999999999808e+00 9.446299999999999697e-01 3.180000000000000101e-03 -2.938899999999999846e+00 -8.164289999999999381e+00 -1.550577999999999967e+01 -3.014700000000000157e-01
8.999999999999999754e-04 -3.509599999999999942e-01 2.131489999999999885e+00 1.250000000000000026e-03 1.420350000000000001e+00 -2.465110000000000134e+00 -1.167731000000000030e+01 -1.196348000000000056e+01 -2.721799999999999775e-01
1.039999999999999909e-03 2.400000000000000061e-04 2.485160000000000036e+00 1.680000000000000070e-03 2.949999999999999931e-03 -3.316590000000000149e+00 -1.098717000000000077e+01 -1.519809000000000054e+01 -2.956719999999999793e+00
1.039999999999999909e-03 -4.501399999999999846e-01 2.034790000000000099e+00 1.680000000000000070e-03 1.338619999999999921e+00 -1.980920000000000014e+00 -1.098717000000000077e+01 -1.247681000000000040e+01 -2.354400000000000104e-01
5.799999999999999600e-03 5.800000000000000034e-04 -1.158470000000000111e+00 2.001999999999999960e-02 1.307000000000000002e-02 -4.006490000000000329e+00 -3.387662999999999869e+01 -1.528608999999999973e+01 -4.019699999999999940e-01
5.799999999999999600e-03 7.578799999999999981e-01 -4.011700000000000266e-01 2.001999999999999960e-02 7.966999999999999638e-01 -3.222859999999999836e+00 -3.387662999999999869e+01 -1.574258000000000024e+01 -8.584600000000000009e-01
5.799999999999999600e-03 8.000000000000000654e-05 -4.011700000000000266e-01 2.001999999999999960e-02 1.158999999999999961e-02 -3.222859999999999836e+00 -3.387662999999999869e+01 -1.766148000000000096e+01 -8.584600000000000009e-01
5.629999999999999588e-03 6.102300000000000502e-01 2.089799999999999991e-01 1.276000000000000051e-02 9.059500000000000330e-01 -2.328500000000000014e+00 -2.898395999999999972e+01 -1.757405999999999935e+01 -7.710399999999999476e-01
