-4.48010 -17.49600 -0.00364
-4.46480 -17.48800 -0.00365
-3.29760 -16.99800 -0.00460
-2.99710 -16.85700 -0.00446
-2.22340 -16.49800 -0.00524
-1.92680 -16.34300 -0.00507
-1.24740 -15.99800 -0.00558
-0.99767 -15.86100 -0.00557
-0.34527 -15.49800 -0.00594
0.00442 -15.29100 -0.00572
0.48924 -14.99900 -0.00578
1.10470 -14.60400 -0.00558
1.24360 -14.49800 -0.00609
1.50490 -14.32100 -0.00581
1.95900 -13.99900 -0.00535
2.00290 -13.96700 -0.00557
2.62160 -13.49700 -0.00507
3.00090 -13.19600 -0.00437
3.23160 -12.99800 -0.00452
3.50240 -12.77400 -0.00418
3.81000 -12.49900 -0.00412
4.00360 -12.33200 -0.00405
4.34900 -12.01100 -0.00392
5.00360 -11.38600 -0.00432
5.20820 -11.20600 -0.00440
8.52140 -6.86700 -0.02371
8.73290 -6.49270 -0.02457
9.16310 -5.64590 -0.02270
9.20820 -5.48260 -0.02494
9.37520 -5.06500 -0.01773
9.39460 -4.99960 -0.01716
9.50180 -4.69350 -0.00780
10.22100 2.23420 -0.01149
10.10100 3.00460 -0.00643
9.79200 4.50470 -0.00939
9.71720 4.74600 -0.00821
9.65440 5.00260 -0.00711
9.58420 5.19170 -0.00605
-40.43100 -21.24900 0.00084
-33.72800 -19.00000 0.00112
-33.25600 -18.93300 0.00113
-30.68800 -0.52301 0.00466
-30.68900 -0.50430 0.00467
-30.69300 -0.27544 0.00473
-40.76700 21.51000 0.00151
-38.78200 20.00000 0.00335
-37.64800 19.80300 0.00349
-38.79900 20.00500 0.00334
-25.50400 17.73200 0.00486
-19.68400 15.49900 0.00448
-8.02620 19.26200 0.00012
1.63800 14.95000 0.00102
1.56730 14.99900 0.00106
-1.90530 17.00000 0.00093
-1.19510 16.64100 0.00103
-2.00040 17.04900 0.00093
0.99934 15.36800 0.00107
0.79041 15.49900 0.00113
-0.02392 16.00000 0.00114
0.36564 15.76600 0.00111
-0.92557 16.50000 0.00113
-0.50044 16.26400 0.00115
4.99980 12.17500 0.00021
4.66360 12.50000 0.00032
4.49980 12.66200 0.00032
4.12780 13.00000 0.00041
2.99990 13.94900 0.00073
2.93220 14.00000 0.00072
2.35990 14.43300 0.00085
2.26830 14.49900 0.00089
8.99450 6.68970 0.00252
8.85510 6.99870 0.00320
8.70690 7.28310 0.00362
8.61130 7.49720 0.00384
