-19.287 -12.224 5.1266e-05
-19.393 -11.789 0.00077006
-0.14017 -15.695 0.0026089
0.48818 -15.36 -0.0052059
0.72092 -15.231 -0.0018922
1.3579 -14.829 -0.00014738
1.6002 -14.658 -0.002752
1.96 -14.407 -9.0445e-05
2.2161 -14.226 -0.0021963
2.8116 -13.803 -0.00026591
3.0499 -13.617 -0.0034543
3.3774 -13.358 0.0005399
3.6205 -13.157 -0.0020787
3.9248 -12.898 -0.00014201
4.1677 -12.686 -0.0018883
4.4543 -12.428 -0.0014706
4.6973 -12.205 -0.0014142
4.9663 -11.947 -0.0012611
8.7164 -7.1952 -0.0028466
8.8874 -6.9208 -0.011501
9.2394 -6.2266 0.00032916
9.4065 -5.9274 -0.024597
9.7266 -5.1948 -0.0059562
9.8627 -4.9104 -0.016454
10.19 -3.9806 -0.027487
10.194 -3.9673 -0.022894
10.249 -3.7736 -0.00099839
10.25 -3.7709 -0.00090559
5.2084 -11.712 -0.00035116
5.4609 -11.454 -0.00042683
5.7024 -11.204 0.00035852
5.9423 -10.946 -0.00036764
6.1834 -10.683 0.00024594
6.4139 -10.423 -0.0013589
6.6548 -10.146 -0.0016514
6.8736 -9.8889 -0.00091965
7.1204 -9.5785 -0.0049881
7.3129 -9.3285 0.0027606
7.7319 -8.7257 0.003123
8.3297 -7.8619 0.0012243
10.283 -3.6944 -0.015251
10.372 -3.421 -0.041966
10.701 -1.4974 -0.051367
10.706 -1.4344 -0.042771
10.722 -1.1281 -0.035492
10.733 -0.82991 -0.020618
10.737 -0.68969 -0.018916
10.742 -0.28906 -0.011746
10.743 -0.21628 -0.012009
10.742 0.23978 -0.012871
-19.736 11.73 0.00053818
-19.698 12.285 0.00044382
10.742 0.26076 -0.013419
8.1362 8.5586 0.0067418
7.9018 8.9319 0.0072579
5.2286 12.231 0.0017117
5.4751 11.971 0.0005298
-1.3878e-17 1.3878e-17 -0.25
-0.25 -0.25 0
0.25 -0.25 1.3878e-17
-0.25 0.25 1.3878e-17
0.25 0.25 1.3878e-17
-1.3878e-17 1.3878e-17 0.25
