-0.13879 -0.30126 -17.13872 -0.00701 -0.07421 3.19344 0.21610 0.06019 0.00028
-0.14571 0.30545 -17.74542 0.00486 0.07277 3.04646 0.23873 0.05978 0.00068
-0.08905 0.26994 -1.08899 0.27083 -0.64571 0.58159 -12.71415 18.63095 -0.00050
-0.10959 -0.22855 -1.33328 0.30354 0.65136 1.31669 -12.55658 22.99798 -0.00054
0.12309 0.21609 -1.10060 -0.31301 -0.61215 0.70015 -12.55692 20.59398 -0.00088
-0.09382 -0.18803 -1.28661 0.33347 0.53104 1.23216 -16.73625 23.34657 -0.00093
0.11023 0.15561 -1.08256 -0.34870 -0.57591 0.54999 -16.73627 24.13147 -0.00096
-0.10200 -0.18021 -1.41837 0.40905 0.59942 1.72532 -16.97665 24.13122 -0.00121
0.12231 0.13731 -1.19407 -0.42892 -0.64187 0.88734 -16.97674 23.38241 -0.00130
-0.07313 -0.12869 -1.27277 0.41276 0.55143 1.31038 -20.38425 24.69941 -0.00169
0.09049 0.09478 -1.10914 -0.42828 -0.63498 0.46934 -20.38326 26.70845 -0.00069
-0.06547 -0.11458 -1.31851 0.50598 0.65305 1.75737 -22.41817 26.70770 -0.00144
0.08361 0.07647 -1.16943 -0.52386 -0.71492 0.72754 -22.41763 27.62573 -0.00090
-0.06188 -0.09572 -1.34163 0.59476 0.73321 2.17567 -24.28403 27.62505 -0.00158
0.08099 0.04961 -1.19876 -0.61401 -0.76349 0.96690 -24.28367 28.31104 -0.00122
-0.05240 -0.06731 -1.31568 0.67471 0.78351 2.51390 -26.01953 28.31056 -0.00170
0.07134 0.01191 -1.19194 -0.69525 -0.78417 1.14393 -26.01914 28.93691 -0.00131
-0.02161 -0.02654 -1.23039 0.72634 0.80375 2.73185 -28.18518 28.93670 -0.00152
-0.43348 -0.34563 -0.45701 -1.09772 -0.55314 1.26116 -46.32819 28.04768 -0.00277
0.42558 0.34865 0.23726 0.90687 0.55509 2.36938 -44.70128 28.05335 0.00290
-0.63551 -0.40124 -0.12166 -1.10662 -0.44667 1.26032 -49.67283 26.40146 -0.00165
0.54453 0.40103 0.68061 0.85436 0.45014 2.15713 -47.12302 26.40077 -0.00234
-0.78136 -0.35996 0.10281 -1.03067 -0.32829 0.99259 -53.39716 22.42981 -0.00211
0.61102 0.36259 0.82536 0.70583 0.33265 1.65354 -45.47278 22.42874 -0.00318
-0.88310 -0.21791 -0.05998 -0.79667 -0.12544 0.58182 -54.94443 15.82085 -0.00386
-0.88310 0.49138 0.64931 -0.79667 0.12107 0.82834 -54.94443 18.29182 2.46711
-1.15230 0.22219 0.38012 -0.78553 0.13221 0.83948 -57.41781 15.81844 -0.00628
0.58895 0.22219 0.38012 0.38126 0.13221 0.83948 -37.02989 15.81844 -0.00628
0.03792 -0.02123 -1.17086 -0.74790 -0.79962 1.25761 -28.18522 29.61084 -0.00155
0.01052 0.01382 -1.13582 0.77721 0.81816 2.87539 -30.71865 29.61078 -0.00162
0.00036 -0.05281 -1.14597 -0.79947 -0.81338 1.29872 -30.71862 30.26955 -0.00158
0.03719 0.05248 -1.04068 0.83811 0.82853 2.94063 -33.06386 30.26938 -0.00176
-0.03266 -0.08672 -1.11054 -0.85968 -0.81655 1.24284 -33.06358 30.50450 -0.00149
0.05935 0.08779 -0.93603 0.89841 0.82525 2.88463 -35.05650 30.50412 -0.00186
-0.05819 -0.11227 -1.05358 -0.91378 -0.77060 1.07245 -35.05595 30.45523 -0.00130
0.08258 0.11398 -0.82732 0.92518 0.76938 2.61243 -36.25865 30.45445 -0.00208
-0.08457 -0.11834 -0.99447 -0.92552 -0.64746 0.76174 -36.25778 27.50793 -0.00121
0.10653 0.12008 -0.75605 0.80885 0.64383 2.05302 -34.63039 27.50644 -0.00269
-0.21049 -0.24353 -0.72726 -1.04908 -0.73933 1.50080 -40.15050 30.52773 -0.00251
0.26808 0.22520 -0.30978 0.85728 0.59214 2.14857 -38.90649 27.07428 -0.00442
0.58895 -0.33826 0.38012 0.38126 -0.06143 0.83948 -37.02989 16.20953 -0.00628
0.79380 0.34824 1.06662 0.38650 0.06775 0.96866 -46.44102 16.20725 -0.00856
-1.26636 -0.12200 0.71549 -0.30881 0.02730 0.36208 -60.41422 3.99441 -0.01013
-1.26636 0.20029 1.03778 -0.30881 -0.12239 0.21239 -60.41422 5.11984 1.11530
-1.35065 -0.06175 0.95349 -0.21707 0.07429 0.30413 -61.53898 2.21356 -0.00946
-1.41007 0.05812 1.07335 -0.11550 -0.07693 0.15291 -62.09051 2.21443 -0.00859
-1.41007 -0.02186 1.07335 -0.11550 0.10463 0.15291 -62.09051 0.82869 -0.00859
-1.44269 0.02025 1.11547 -0.01363 -0.10421 -0.05593 -62.31874 0.82903 -0.00825
-1.44269 0.00550 1.11547 -0.01363 0.12046 -0.05593 -62.31874 -0.08540 -0.00825
-1.44282 -0.00534 1.10462 0.09050 -0.11825 -0.29465 -62.27596 -0.08564 -0.00849
0.14737 0.27387 -16.71610 -0.03253 -0.11781 -2.73905 0.24240 -0.09063 0.00104
0.15233 -0.37622 -16.05249 -0.04067 0.10240 -2.97804 0.21037 0.05603 0.00128
-1.44282 0.03457 1.10462 0.09050 0.09903 -0.29465 -62.27596 -1.07508 -0.00849
0.23500 -0.16979 -0.96014 -0.97514 0.56868 -0.99038 -41.15338 -23.57709 -0.00342
-0.24318 0.20705 -0.48196 0.98867 -0.71385 -2.95419 -41.15150 -28.24164 -0.00530
0.02064 0.02228 -1.12939 0.73677 -0.77556 -1.23369 -26.87369 -27.63786 -0.00041
0.01177 -0.02361 -1.08351 -0.76686 0.77869 -2.78794 -29.36706 -27.63663 -0.00164
-1532210.75000 0.00000 676830.11719 0.00000 1532210.75000 676830.11719 -0.00000 -0.00000 158711.57812
-676830.11719 -736346.95508 -1532210.75000 736346.95508 676830.11719 1532210.75000 -79355.79687 -79355.79687 0.00000
1532210.75000 736346.95508 1532210.75000 -0.00000 676830.11719 1532210.75000 0.00000 -79355.79688 0.00000
-676830.11719 0.00000 -1532210.75000 -736346.95508 -1532210.75000 -1532210.75000 -79355.79688 0.00000 0.00000
676830.11719 0.00000 1532210.75000 -736346.95508 -1532210.75000 -1532210.75000 79355.79688 -0.00000 0.00000
1532210.75000 -0.00000 676830.11719 0.00000 -1532210.75000 -676830.11719 0.00000 0.00000 -158711.57812
