-4.4801 -17.496 -0.0036371
-4.4648 -17.488 -0.0036501
-3.2976 -16.998 -0.0046026
-2.9971 -16.857 -0.0044578
-2.2234 -16.498 -0.0052418
-1.9268 -16.343 -0.0050699
-1.2474 -15.998 -0.0055848
-0.99767 -15.861 -0.0055721
-0.34527 -15.498 -0.0059449
0.0044183 -15.291 -0.0057163
0.48924 -14.999 -0.0057828
1.1047 -14.604 -0.0055758
1.2436 -14.498 -0.0060909
1.5049 -14.321 -0.0058098
1.959 -13.999 -0.0053458
2.0029 -13.967 -0.0055705
2.6216 -13.497 -0.005071
3.0009 -13.196 -0.0043653
3.2316 -12.998 -0.0045229
3.5024 -12.774 -0.0041804
3.81 -12.499 -0.0041172
4.0036 -12.332 -0.0040525
4.349 -12.011 -0.0039212
5.0036 -11.386 -0.0043219
5.2082 -11.206 -0.0043971
8.5214 -6.867 -0.023707
8.7329 -6.4927 -0.024573
9.1631 -5.6459 -0.022696
9.2082 -5.4826 -0.024942
9.3752 -5.065 -0.017731
9.3946 -4.9996 -0.017159
9.5018 -4.6935 -0.0077981
10.221 2.2342 -0.011486
10.101 3.0046 -0.0064302
9.792 4.5047 -0.0093893
9.7172 4.746 -0.0082136
9.6544 5.0026 -0.0071089
9.5842 5.1917 -0.0060545
-40.431 -21.249 0.00083534
-33.728 -19 0.0011215
-33.256 -18.933 0.0011329
-30.688 -0.52301 0.0046638
-30.689 -0.5043 0.004669
-30.693 -0.27544 0.0047279
0 0 -0.5
-0.25 -0.25 -0.25
0 -0.25 -0.25
0.25 -0.25 -0.25
0.25 -5.537e-34 -0.25
0 -0.5 0
0.25 -0.25 0
0.5 0 1.2208e-17
-40.767 21.51 0.0015105
-38.782 20 0.0033496
-37.648 19.803 0.0034949
-38.799 20.005 0.0033441
-25.504 17.732 0.0048613
-19.684 15.499 0.0044822
-0.25 3.4694e-18 -0.25
0.25 0.25 -0.25
-0.25 0.25 -0.25
0 0.25 -0.25
-0.5 0 0
-0.25 0.25 0
0.25 0.25 0
0 0.5 0
-8.0262 19.262 0.00011639
1.638 14.95 0.0010233
1.5673 14.999 0.0010568
-1.9053 17 0.00093353
-1.1951 16.641 0.00103
-2.0004 17.049 0.00092503
0.99934 15.368 0.0010701
0.79041 15.499 0.0011321
-0.023922 16 0.0011397
0.36564 15.766 0.0011066
-0.92557 16.5 0.0011294
-0.50044 16.264 0.0011488
4.9998 12.175 0.00021082
4.6636 12.5 0.00031744
4.4998 12.662 0.00031979
4.1278 13 0.00041386
2.9999 13.949 0.00072874
2.9322 14 0.00072292
2.3599 14.433 0.0008461
2.2683 14.499 0.00089406
8.9945 6.6897 0.0025186
8.8551 6.9987 0.0031951
8.7069 7.2831 0.0036213
8.6113 7.4972 0.0038399
-0.25 -0.25 5.5511e-17
0.25 -0.25 0.25
-0.25 -0.25 0.25
0 -0.25 0.25
-0.25 0 0.25
-2.7756e-17 0 0.25
0.25 0 0.25
-2.7756e-17 -2.7756e-17 0.5
0.25 0.25 0.25
-0.25 0.25 0.25
0 0.25 0.25
