-0.00412 -0.61462 1.23234 -0.00191 -0.55679 0.45946 -3.76154 8.69194 0.08971
-0.00412 0.01206 1.85902 -0.00191 0.00634 1.02259 -3.76154 7.19515 -1.40707
-0.00539 -0.64850 1.35160 -0.00256 -0.65609 0.59161 -4.35644 9.33593 0.10738
0.29503 0.01323 2.01333 0.27557 0.00846 1.25616 -3.90245 9.33695 0.10840
-0.00584 -0.64347 1.42670 -0.00380 -0.74951 0.70529 -5.14784 10.19190 0.12807
-0.00644 0.01210 1.75492 -0.00388 0.01011 1.11649 -5.97320 10.19316 -1.05501
-0.00646 -0.62292 1.44398 -0.00517 -0.83048 0.77987 -6.18179 11.32218 0.15276
0.91511 0.01234 2.07924 1.14458 0.01147 1.62182 -6.91965 11.32458 0.15516
-0.00768 -0.58865 1.39316 -0.00651 -0.88959 0.78896 -7.47703 12.64700 0.17567
0.36411 0.01293 1.99474 0.50756 0.01331 1.69186 -7.62283 12.66032 0.18898
-0.00733 -0.93997 1.62330 -0.00714 -1.61845 1.17716 -7.60969 9.49542 0.20212
0.38424 0.40603 1.82839 0.59610 0.61788 1.62461 -9.63640 12.64330 0.22760
-0.00946 -0.53053 1.43469 -0.01011 -1.06586 1.01841 -9.63560 14.20375 0.22840
0.40339 0.01212 1.97734 0.72754 0.01655 2.10082 -10.11437 14.23633 0.26097
-0.00957 -0.48607 1.56437 -0.01110 -1.19213 1.36218 -10.10546 14.25500 0.26988
0.86085 0.01097 2.06141 1.83560 0.01751 2.57181 -11.15590 14.27010 0.28498
-0.01137 -0.40870 1.26362 -0.01459 -1.07988 0.94208 -12.41532 15.61856 0.26635
0.36810 0.01157 1.68389 0.88025 0.01698 2.03894 -13.45983 15.67889 0.32667
-0.01140 -0.35030 1.30440 -0.01627 -1.17149 1.14242 -13.48774 16.26217 0.29876
0.34499 0.01126 1.66595 1.00003 0.01788 2.33179 -14.56654 16.32519 0.36178
-0.01143 -0.27605 1.30954 -0.01790 -1.25047 1.31386 -14.59404 16.88156 0.33429
0.31059 0.01095 1.59653 1.11731 0.01860 2.58293 -15.78143 16.94829 0.40102
-0.01112 0.00858 1.27483 -0.01939 0.01240 1.44623 -15.81236 14.90790 0.37009
0.29073 0.00862 1.28183 2.31343 0.01928 2.89851 -15.81654 18.22344 0.48732
-0.11718 -0.10146 0.98401 -0.98063 -0.94684 0.57055 -18.82966 15.40014 0.29750
-1.03369 -0.00374 -0.53354 1.57006 0.03388 2.34447 -32.93723 18.88833 0.90341
0.00235 0.49796 0.50250 -0.05324 -0.57533 0.72117 -33.27871 14.41866 0.56192
-1.17726 -1.19383 -0.69614 1.44445 1.50302 1.97277 -33.67340 9.50808 0.94848
0.01115 0.45465 0.49227 -0.04560 -0.39801 0.48272 -34.06210 11.68284 0.55978
0.02182 -0.01013 0.02749 -0.04922 0.00913 0.88986 -39.96033 11.84743 0.72437
0.02182 0.59704 0.02749 -0.04922 -0.40013 0.88986 -39.96033 13.73396 0.72437
-1.22246 -0.01625 -0.58580 1.08400 -0.00692 1.28307 -31.48294 13.92444 0.91485
0.02751 -0.01370 0.42548 0.01701 0.00556 -0.55198 -40.93228 -6.75273 -2.58579
0.03719 1.00606 0.70709 0.02172 0.82500 -0.48197 -34.00337 -7.93502 0.51916
0.02406 -0.24351 0.50600 0.03928 -0.23315 -0.99344 -38.01518 -7.38119 0.57831
0.02406 0.00868 0.75818 0.03928 0.02073 -0.73956 -38.01518 -11.85697 -3.89746
0.01662 -0.16847 0.75075 0.03087 -0.28737 -0.74797 -33.63039 -6.73706 0.48732
0.01662 0.00517 0.92438 0.03087 0.02128 -0.43932 -33.63039 -12.58709 -5.36272
-0.00037 -0.00122 3.47633 -0.00006 -0.00042 0.51734 0.01563 0.07561 -0.01684
-0.00055 0.23060 6.12035 -0.00012 0.08402 1.33549 0.04941 -0.25593 -0.03761
-0.00052 0.00046 6.19480 -0.00012 -0.00016 1.36040 0.05032 -0.34758 -0.03838
0.00070 -0.00396 13.62457 -0.00006 0.00170 -0.03297 0.07201 0.00374 -0.03745
0.00070 0.00487 13.63341 -0.00006 -0.08422 -0.11890 0.07201 0.00360 -0.03760
0.00063 -0.00371 13.63334 -0.00005 0.00166 -0.11888 0.07213 0.00111 -0.03747
792245.18750 -0.00000 0.00000 -0.00000 792245.18750 -0.00000 1005458.81250 1005458.81250 568136.37500
544435.18750 251147.35938 544435.18750 251147.35938 544435.18750 544435.18750 -304080.87500 -304080.87500 608161.62500
544435.18750 -0.00000 -0.00000 247810.00000 792245.18750 792245.18750 397297.18750 -354933.03125 1005458.81250
-138628.78125 -251147.35937 -544435.18750 348677.46875 544435.18750 544435.18750 506972.94531 -304080.87500 608161.62500
792245.18750 247810.00000 256989.56250 -0.00000 251147.35938 -0.00000 354933.03125 50852.15625 526769.43750
251147.35938 -0.00000 0.00000 247810.00000 0.00000 792245.18750 -50852.15625 -284068.12500 -354933.03125
-0.00000 -0.00000 -544435.18750 -0.00000 -0.00000 251147.35938 -306852.81250 -650525.62500 -0.00000
-617590.90625 0.00000 -792245.18750 -56305.00000 0.00000 0.00000 -845122.09375 -650525.62500 -354933.03125
-0.00063 0.00770 4.19092 0.00012 -0.00030 -0.57759 0.01887 -0.12277 -0.01872
-0.00081 -0.14180 5.73055 0.00023 0.08292 -1.08377 0.02991 0.18278 -0.03198
-0.00082 0.00470 6.02087 0.00022 -0.00164 -1.20774 0.03065 0.17413 -0.03670
-0.00081 0.00611 5.73055 0.00023 -0.00196 -1.08377 0.02991 0.09658 -0.03198
0.10067 0.00458 8.91740 -0.03948 -0.00083 -2.12757 0.06131 0.32034 -0.04672
-0.00040 -0.53114 12.03930 0.00035 0.03681 -2.82690 0.10072 0.05211 -0.05633
792245.18750 1178683.96875 792245.18750 0.00000 195757.71875 0.00000 -354933.03125 549337.10156 1005458.81250
-138628.78125 -930873.96875 -544435.18750 -348677.46875 -348677.46875 -544435.18750 506972.94531 152039.91406 608161.62500
544435.18750 348677.46875 544435.18750 -251147.35937 -138628.78125 -544435.18750 -304080.87500 506972.94531 608161.62500
251147.35938 -0.00000 -0.00000 247810.00000 792245.18750 256989.56250 50852.15625 354933.03125 526769.43750
0.00000 617590.90625 792245.18750 -0.00000 56305.00000 -0.00000 -284068.12500 -478664.59375 -354933.03125
251147.35938 -0.00000 251147.35938 247810.00000 0.00000 -544435.18750 50852.15625 650525.62500 346444.75000
-55389.64063 -348677.46875 -599824.82813 -348677.46875 -55389.64063 -599824.82813 -101703.51563 -101703.51563 -405784.39063
251147.35938 0.00000 0.00000 -247810.00000 -574799.14062 -792245.18750 -50852.15625 -176264.95312 -354933.03125
0.00006 0.00069 1.90984 0.00025 0.00118 -0.76596 -1.78155 -5.63613 -0.92553
0.00114 0.00091 2.40646 0.00180 0.00234 -2.74059 -10.13842 -14.67326 -1.92517
0.00114 -0.52356 1.88199 0.00180 1.23081 -1.51213 -10.13842 -12.95532 -0.20723
0.00035 -0.69828 1.77963 0.00186 0.84507 -0.93137 -5.64557 -9.20253 -0.11608
0.00071 0.00212 2.15098 0.00150 0.00221 -1.42521 -5.44753 -11.01763 -0.12628
-0.30850 0.00126 1.77963 0.29431 0.00237 -0.93137 -4.51871 -10.92221 -0.11608
-0.33354 0.00193 2.26033 0.59698 0.00116 -2.15649 -5.85212 -13.36434 -0.19610
0.00137 -0.54703 2.04627 0.00139 1.14336 -1.60987 -8.39356 -10.80553 -0.17874
0.00139 -0.58996 2.13702 0.00110 1.05417 -1.56986 -6.72858 -9.04161 -0.14880
0.00114 0.00212 2.40130 0.00175 0.00170 -2.14413 -7.99398 -13.18263 -1.72236
0.00074 -0.65478 1.81880 0.00183 0.93999 -1.06305 -6.70595 -10.24996 -0.13515
-0.33836 0.00254 2.13702 0.43344 0.00156 -1.56986 -4.85224 -12.11732 -0.14880
-0.24698 -0.00125 1.44766 1.44221 0.00708 -2.34170 -15.58463 -17.20715 -0.41122
-0.00066 -0.09995 1.59528 0.00597 1.50830 -2.27672 -16.62343 -16.13188 -0.37476
-0.32490 -0.00106 1.59528 1.34415 0.00630 -2.27672 -14.27328 -16.82621 -0.37476
-0.00041 -0.21932 1.70151 0.00453 1.50308 -2.11957 -15.28756 -15.77363 -0.33645
-0.33755 -0.00032 2.14368 0.94463 0.00318 -2.93890 -8.16429 -15.50578 -0.30147
0.00090 -0.35096 2.13149 0.00125 1.42035 -2.46511 -11.67731 -11.96348 -0.27218
0.00104 0.00024 2.48516 0.00168 0.00295 -3.31659 -10.98717 -15.19809 -2.95672
0.00104 -0.45014 2.03479 0.00168 1.33862 -1.98092 -10.98717 -12.47681 -0.23544
0.00580 0.00058 -1.15847 0.02002 0.01307 -4.00649 -33.87663 -15.28609 -0.40197
0.00580 0.75788 -0.40117 0.02002 0.79670 -3.22286 -33.87663 -15.74258 -0.85846
0.00580 0.00008 -0.40117 0.02002 0.01159 -3.22286 -33.87663 -17.66148 -0.85846
0.00563 0.61023 0.20898 0.01276 0.90595 -2.32850 -28.98396 -17.57406 -0.77104
55389.64063 0.00000 251147.35938 348677.46875 0.00000 544435.18750 101703.51562 -650525.62500 -346444.75000
55389.64062 251147.35938 55389.64063 -348677.46875 -544435.18750 -348677.46875 -101703.51562 -304080.87500 -752229.14063
-544435.18750 -251147.35937 -600618.26562 -251147.35937 -544435.18750 -600618.26562 -304080.87500 -304080.87500 -608161.75000
-195757.71875 0.00000 -0.00000 129449.21875 -792245.18750 -256989.56250 -70647.72656 -354933.03125 -526769.43750
-792245.18750 129449.21875 -256989.56250 0.00000 -195757.71875 0.00000 -354933.03125 -70647.72656 -526769.43750
-544435.18750 247810.00000 247810.00000 247810.00000 -544435.18750 247810.00000 -397297.18750 -397297.18750 -1402756.00000
-792245.18750 -247810.00000 -792245.18750 0.00000 -251147.35937 293287.82813 354933.03125 50852.15625 -557309.46875
-792245.18750 -0.00000 -617590.90625 -0.00000 -792245.18750 -617590.90625 1005458.81250 1005458.81250 1690244.46875
-544435.18750 247810.00000 -544435.18750 -251147.35938 -251147.35938 -251147.35938 304080.87500 -50852.15625 -346444.75000
-544435.18750 -348677.46875 -348677.46875 251147.35938 55389.64063 55389.64063 -304080.87500 -101703.51563 -752229.14062
-251147.35938 -0.00000 293287.82812 -247810.00000 -792245.18750 -792245.18750 50852.15625 354933.03125 -557309.46875
