-7.8895 -0.31622 -12.212
-2.2282 0.041652 -8.4404
-2.2966 -0.037943 -8.1457
-2.5634 -0.15412 -7.7973
-2.574 -0.1738 -7.7271
-1.9037 -0.034863 -6.9647
-1.7055 -0.053104 -6.6725
-1.2706 -0.0078304 -5.5003
-1.2035 -0.00077667 -5.4612
-0.95685 0.063603 -5.5088
-0.92505 0.059679 -5.1153
-0.86559 0.063926 -4.9966
-0.8412 0.057005 -4.9488
-0.66459 0.1339 -5.1262
-0.50503 0.15059 -5.0557
-0.34117 0.1661 -4.6327
-0.23051 0.17329 -4.5568
-1.9667 -0.068336 -4.1993
-1.5081 -0.077131 -4.2004
-0.90696 -0.0024423 -4.2036
-0.40384 0.10291 -4.2077
-0.28801 0.1493 -4.1454
2.3438 -15.316 -14.499
2.7569 -15.168 -13.987
2.8482 -14.985 -13.831
2.8879 -14.99 -13.581
3.0794 -14.99 -13.416
3.4774 -14.036 -13.733
3.5571 -14.054 -13.646
3.6544 -14.118 -13.539
3.2656 -15.033 -13.038
3.3013 -15.144 -12.7
3.7691 -14.58 -12.556
3.7604 -14.896 -12.15
4.7275 -15.473 -15.546
4.7065 -15.553 -15.444
4.7423 -15.467 -15.384
5.1349 -15.608 -15.436
5.2436 -15.119 -15.425
5.4546 -15.056 -15.552
5.7374 -14.919 -15.639
5.5503 -15.017 -15.431
5.8407 -14.939 -15.697
5.5976 -14.598 -15.387
6.122 -13.725 -15.736
6.5082 -12.726 -15.748
6.7122 -12.212 -15.284
6.7123 -12.212 -15.285
4.6849 -15.746 -15.236
4.7317 -15.585 -15.241
5.3727 -15.251 -15.112
5.5706 -15.426 -14.96
5.224 -15.027 -14.962
5.2381 -15.061 -14.912
6.4896 -13.442 -15.002
6.4895 -13.47 -14.975
6.5035 -13.232 -15.225
5.6797 -15.609 -14.724
5.6367 -15.362 -14.588
6.6495 -13.437 -14.654
6.6566 -13.548 -14.488
7.0594 -13.121 -14.363
5.7316 -15.703 -14.187
6.236 -15.419 -14.238
6.5938 -15.481 -14.053
6.4576 -15.574 -13.84
5.7299 -14.818 -14.117
5.6924 -14.746 -14.244
6.2231 -14.488 -14.22
7.6044 -12.571 -14.055
5.5869 -15.635 -13.729
6.2298 -15.613 -13.605
6.1979 -15.624 -13.357
6.207 -15.1 -13.454
6.733 -14.381 -13.374
6.2018 -15.746 -13.238
6.183 -15.515 -12.942
6.6942 -15.558 -12.696
6.6709 -15.523 -12.425
6.6966 -15.5 -12.333
7.1622 -15.723 -12.695
6.7217 -14.837 -12.615
6.7269 -14.749 -12.749
6.7262 -14.717 -12.734
7.4345 -14.271 -12.528
7.4176 -14.147 -12.701
8.013 -13.334 -12.682
7.6588 -12.494 -12.489
7.7293 -12.178 -12.726
8.2 -12.238 -12.287
8.206 -11.877 -12.743
6.6994 -15.225 -12.232
7.2341 -14.443 -12.235
7.2345 -14.451 -12.214
7.3764 -14.442 -12.091
7.6451 -12.871 -12.102
7.7137 -12.833 -11.993
8.2253 -12.944 -11.758
8.2076 -12.342 -12.238
7.1347 -11.747 -15.698
8.1783 -9.7977 -15.379
8.1755 -9.7473 -15.401
8.1937 -7.8535 -15.63
8.1625 -10.298 -15.216
8.1393 -10.726 -14.826
8.16 -10.22 -15.243
8.2301 -8.3641 -14.94
8.1495 -10.916 -14.73
8.1254 -11.239 -14.351
8.1157 -11.326 -14.24
8.1859 -10.248 -14.016
8.2168 -9.7947 -13.863
8.1917 -11.241 -13.286
8.1798 -10.44 -13.742
8.2148 -9.8721 -13.748
8.2165 -10.249 -13.395
8.1939 -11.306 -13.241
8.1974 -11.741 -12.816
8.2161 -10.408 -13.25
7.1712 -15.4 -11.588
7.4181 -15.513 -11.577
6.6923 -15.121 -11.371
6.7378 -15.119 -11.284
8.221 -12.92 -11.746
6.7251 -15.377 -10.984
7.2407 -15.416 -11.141
7.392 -15.433 -11.122
8.2287 -13.493 -10.788
6.6939 -15.73 -10.729
7.8583 -15.442 -10.461
8.0318 -15.421 -10.454
7.1409 -14.932 -10.547
7.2251 -14.895 -10.487
8.2463 -13.926 -10.36
8.2299 -13.526 -10.75
8.2152 -13.744 -10.33
7.7057 -15.368 -10.125
7.8366 -15.312 -10.065
7.7082 -14.56 -9.9123
7.722 -14.562 -9.8934
8.2421 -14.07 -10.014
8.233 -14.03 -9.9396
7.2348 -15.517 -9.474
7.2431 -15.443 -9.4297
7.6866 -14.814 -9.6249
8.2321 -14.137 -9.7413
8.2115 -14.239 -9.5235
7.655 -15.195 -9.0519
7.7398 -15.292 -8.5441
7.7491 -15.385 -8.0539
7.9632 -15.327 -8.0313
8.1188 -15.276 -7.9673
9.7342 -15.723 -14.907
11.582 -15.634 -14.979
9.4977 -15.648 -12.003
13.583 -12.492 -14.086
12.834 -11.885 -14.006
16.091 -14.473 -13.383
8.6277 -8.3165 -15.66
9.1206 -8.5684 -14.421
8.7121 -8.2223 -14.657
8.7053 -8.0509 -14.711
9.1305 -8.1432 -14.612
9.1097 -7.8024 -14.668
9.1959 -7.8575 -14.285
9.4478 -10.881 -13.944
9.1598 -10.697 -13.795
12.196 -9.5025 -13.894
8.6841 -9.0133 -13.983
9.1221 -9.0626 -13.932
8.7275 -7.8664 -14.122
9.1956 -8.1776 -13.806
9.1551 -10.787 -13.687
9.1513 -10.863 -13.605
9.1307 -9.7706 -13.256
9.5866 -9.8128 -13.73
9.5765 -9.7837 -13.707
10.232 -9.7978 -13.451
10.412 -9.9108 -13.361
8.6877 -9.362 -13.712
9.2017 -8.9427 -13.34
10.089 -9.1621 -13.251
9.1875 -8.3668 -13.622
9.2024 -8.4935 -13.251
11.478 -8.4695 -13.625
9.1938 -7.8353 -13.657
9.6061 -8.1272 -13.363
10.586 -7.9585 -13.481
11.208 -8.1942 -13.518
9.0655 -10.801 -13.155
8.7044 -10.312 -12.896
8.7035 -10.235 -12.96
9.1281 -9.7748 -13.241
10.21 -9.8424 -12.821
10.382 -9.897 -12.961
10.158 -9.6759 -12.797
9.2045 -9.2015 -13.009
10.089 -9.1743 -13.242
10.131 -9.239 -12.924
9.2019 -8.4868 -13.248
9.1924 -8.3142 -13.187
9.1923 -8.3129 -13.187
9.7102 -7.8302 -12.969
10.644 -7.9551 -13.069
10.64 -7.9492 -13.046
10.682 -7.8401 -12.8
10.927 -7.9985 -12.883
8.7037 -10.493 -12.731
8.7037 -10.62 -12.61
10.166 -9.7337 -12.742
10.161 -9.5307 -12.718
9.7177 -8.304 -12.444
10.702 -8.5506 -12.514
10.695 -8.5214 -12.468
10.706 -8.5007 -12.372
10.884 -8.6582 -12.615
9.7149 -8.2341 -12.574
10.652 -7.7565 -12.728
8.7083 -11.035 -12.236
8.7072 -11.155 -12.113
10.614 -8.5091 -11.921
10.612 -8.433 -11.764
12.727 -11.743 -14
9.2675 -15.665 -11.552
10.113 -15.653 -11.566
9.0283 -12.553 -11.263
8.7114 -11.783 -11.46
8.8839 -15.526 -11.069
10.099 -15.523 -11.076
9.0357 -12.531 -11.205
8.7144 -12.221 -10.958
8.7161 -12.14 -11.06
8.9708 -15.482 -10.561
10.046 -15.567 -10.545
8.4001 -15.431 -10.105
9.5823 -15.503 -10.072
10.108 -15.398 -10.097
8.6909 -12.777 -10.201
9.2189 -12.083 -9.9036
8.8356 -15.464 -9.5635
9.4506 -15.503 -9.563
8.7262 -13.199 -9.7489
9.2208 -12.239 -9.7466
9.2217 -12.237 -9.6891
8.7474 -15.393 -9.04
9.5145 -15.485 -9.0461
9.2207 -12.227 -8.7705
9.2389 -11.954 -9.0173
8.8483 -15.393 -8.5885
9.5497 -15.458 -8.5903
8.6534 -13.822 -8.6283
9.2309 -13.138 -8.2808
9.2002 -12.657 -8.6951
9.7241 -12.053 -8.3198
8.4969 -15.377 -8.0451
8.8662 -15.412 -8.0991
8.7106 -13.965 -8.238
8.666 -13.856 -8.1389
8.7393 -13.697 -8.045
9.1602 -13.398 -8.073
9.2169 -13.236 -8.1555
9.7306 -12.93 -7.8931
9.7941 -12.929 -7.9263
9.6398 -12.587 -7.8994
9.715 -12.204 -8.1526
16.236 -14.543 -11.049
15.94 -14.517 -10.547
16.125 -14.528 -10.538
8.7137 -11.536 -11.742
8.7104 -11.74 -11.505
9.2288 -9.5895 -11.402
9.6933 -9.2053 -11.29
10.554 -8.3283 -11.633
10.574 -7.9962 -11.54
10.567 -7.9879 -11.504
9.2278 -9.8043 -11.187
9.7166 -9.7846 -10.983
9.229 -9.7494 -11.242
9.7115 -9.4758 -11.244
10.217 -8.0586 -11.239
10.203 -8.0488 -10.938
11.061 -7.9146 -10.933
11.06 -7.9228 -10.78
9.1868 -11.339 -10.643
9.1945 -11.249 -10.735
9.6943 -10.146 -10.346
11.023 -7.789 -10.67
9.2043 -11.747 -10.236
9.2068 -11.67 -10.226
9.2042 -11.743 -10.148
9.2333 -11.603 -9.3876
9.9172 -11.588 -9.6734
9.2387 -11.734 -9.2439
9.7034 -11.693 -8.6307
9.6929 -11.32 -8.6681
9.7332 -11.285 -8.6371
2.2685 -7.8263 -3.666
4.0209 -9.8439 0.033544
8.2278 -7.7498 -15.5
5.5514 -0.068343 -10.773
5.5837 -0.069176 -10.708
5.921 -0.068403 -9.9834
8.6747 -6.9207 -15.743
8.6788 -7.121 -15.435
8.6722 -7.1145 -15.38
8.7276 -4.3556 -15.739
8.7325 -4.2353 -15.747
9.6621 -4.1637 -15.696
9.6614 -4.148 -15.714
10.245 -4.1689 -15.516
10.288 -4.1565 -15.53
8.7319 -6.6495 -14.837
8.7347 -6.532 -14.925
9.1856 -6.379 -15.206
9.186 -6.4048 -15.158
8.7347 -5.8538 -15.213
8.7354 -5.7341 -15.249
9.2284 -4.7588 -14.735
9.227 -4.7464 -14.742
9.2325 -4.4054 -14.742
9.2367 -4.2415 -14.744
8.7305 -7.7221 -14.248
9.2082 -7.7096 -13.95
9.7094 -7.7329 -14.233
9.7061 -7.6871 -14.22
9.2271 -5.7565 -14.237
9.2278 -5.7447 -14.243
9.2277 -6.8892 -13.601
9.2286 -6.7317 -13.748
9.7271 -4.2558 -13.738
9.7323 -4.3095 -13.684
9.728 -4.244 -13.742
9.7313 -4.2396 -13.739
9.2272 -7.4481 -13.228
9.7103 -7.7409 -13.032
9.729 -5.3237 -13.23
9.7296 -5.341 -13.222
10.638 -7.5658 -12.516
10.618 -7.5174 -12.466
9.7261 -6.2533 -12.738
9.7265 -6.2477 -12.742
9.7276 -7.5468 -11.939
10.223 -7.5323 -11.78
9.7292 -7.1165 -12.242
10.227 -4.7567 -12.238
10.232 -4.8056 -12.188
10.23 -4.7395 -12.245
10.233 -4.6597 -12.242
10.184 -3.5346 -15.724
10.301 -3.5846 -15.508
9.2189 -2.5981 -15.721
9.2206 -2.6016 -15.702
9.6981 -2.6198 -15.429
9.6942 -2.5825 -15.376
9.6932 -2.5622 -15.365
10.464 -2.605 -15.658
9.6964 -2.0806 -15.493
10.134 -2.0439 -15.711
10.261 -2.0979 -15.503
9.1943 -0.013127 -15.684
9.249 0.014277 -15.261
9.5211 -0.018935 -15.251
10.179 -0.0033767 -15.747
10.459 -0.0049304 -15.734
9.2316 -2.9297 -15.244
9.2405 -2.3573 -15.236
9.6802 -2.5355 -15.243
9.7375 -2.5723 -15.178
10.229 -2.5141 -15.164
9.6614 -2.0762 -15.243
9.7368 -2.1135 -15.172
10.195 -2.111 -15.235
10.23 -2.1339 -15.165
9.5188 -0.018997 -15.249
9.538 -0.017544 -15.25
9.6936 -0.019551 -14.76
9.7151 -2.8982 -14.37
10.681 -2.7721 -14.291
10.884 -2.829 -14.456
10.992 -2.7653 -14.26
9.7235 -2.4566 -14.518
10.204 -2.6605 -14.556
9.6938 -0.015458 -14.722
9.739 0.010047 -14.302
9.7247 -2.9705 -14.239
9.7322 -2.9333 -14.195
10.211 -3.1943 -13.779
10.219 -3.1405 -13.782
10.667 -2.7852 -14.241
10.662 -2.7505 -14.245
10.993 -2.754 -14.245
10.206 -2.4871 -14.24
10.229 -2.4854 -14.09
10.226 -2.4418 -14.052
10.231 -2.34 -14.106
10.662 -2.7495 -14.245
11.713 -2.6303 -14.043
12.124 -2.6622 -14.079
9.7328 -2.0324 -14.244
9.7391 -1.8264 -14.221
10.205 -1.7565 -14.242
10.238 -1.799 -14.198
10.669 -1.9253 -14.247
11.674 -1.9542 -13.924
9.8379 0.018883 -14.212
9.918 0.031552 -14.097
9.9444 0.019943 -13.99
10.108 -0.0046386 -13.934
10.173 -0.0095364 -13.811
10.273 -0.00167 -14.247
10.498 0.00030504 -13.984
11.155 0.00064262 -13.865
11.379 -0.00053612 -14.168
11.421 -0.0011702 -14.146
11.695 -0.0019491 -13.764
11.996 -0.0055382 -14.135
11.864 -0.003073 -13.801
12.181 -0.0017207 -14.216
10.208 -3.2224 -13.749
10.217 -3.1678 -13.749
10.21 -2.3524 -13.373
10.717 -2.5841 -13.409
10.214 -1.9476 -13.538
10.718 -2.1061 -13.516
11.713 -1.9577 -13.578
10.163 -0.014804 -13.687
10.217 -2.338 -13.24
10.234 -2.3487 -13.093
10.719 -2.5372 -12.937
10.719 -2.5405 -12.911
10.714 -2.2069 -12.75
11.675 -1.9152 -13.028
11.658 -1.9079 -12.934
10.229 -1.5552 -13.24
10.234 -1.4378 -13.223
10.748 0.0048098 -13.248
10.455 -0.014082 -12.906
11.238 0.0079349 -12.997
11.239 0.0075214 -12.988
10.227 -3.7416 -12.74
10.234 -3.4125 -12.718
10.235 -3.276 -12.716
10.237 -3.2628 -12.716
10.722 -2.8428 -12.741
10.739 -2.8762 -12.723
10.71 -2.7575 -12.739
10.736 -2.7877 -12.708
10.707 -2.7221 -12.745
10.71 -2.6837 -12.746
11.224 -2.6157 -12.26
11.618 -2.6394 -12.673
10.714 -2.2072 -12.75
11.562 -1.786 -12.675
11.226 -1.7282 -12.336
10.603 -0.058553 -12.592
11.224 -0.0021323 -12.731
11.224 -2.6416 -12.245
11.224 -2.711 -12.181
11.007 -0.063298 -11.78
11.451 -0.00030533 -12.232
11.431 0.0085648 -12.046
11.422 0.010459 -12.008
15.314 -2.6081 -14.764
15.811 -2.5615 -14.849
16.122 -2.5574 -14.879
15.638 -2.1612 -14.819
15.765 -2.1665 -14.846
15.441 -0.008674 -14.753
12.8 -2.6419 -14.351
13.376 -2.6437 -14.447
14.602 -2.1227 -14.672
12.283 -0.0013676 -14.252
15.411 -0.007111 -14.744
12.262 -0.00040446 -14.247
10.222 -7.5565 -11.745
10.214 -7.5511 -11.648
10.202 -7.4802 -11.514
10.233 -5.8676 -11.621
10.235 -5.8079 -11.661
11.091 -7.6074 -11.128
11.074 -7.6566 -11.013
11.03 -7.6476 -10.786
10.236 -7.3051 -10.683
10.237 -7.2824 -10.697
10.235 -7.2412 -10.744
10.237 -7.2426 -10.73
10.731 -2.7893 -11.709
10.735 -2.4277 -11.717
11.232 -2.3987 -11.742
11.241 -2.4029 -11.725
11.237 -2.2919 -11.699
11.212 -2.2493 -11.739
11.219 -2.001 -11.74
11.237 -2.171 -11.713
11.216 -1.7555 -11.74
11.236 -1.7874 -11.705
12.051 -1.9178 -11.603
12.055 -1.8464 -11.429
11.034 -0.050203 -11.562
11.677 -0.011195 -11.51
11.704 -0.01269 -11.479
11.731 -0.019157 -11.26
11.967 -0.015912 -11.719
11.964 -0.014005 -11.654
11.733 -2.4125 -11.072
11.982 -2.3292 -11.22
12 -1.8746 -11.237
11.73 -1.7434 -11.165
11.229 0.034948 -10.987
11.732 -0.017613 -11.235
11.231 -2.2575 -10.707
11.728 -2.2575 -10.736
11.739 -2.2702 -10.678
11.231 -2.0947 -10.711
11.733 -2.1311 -10.742
11.74 -2.177 -10.702
11.485 -0.046169 -10.418
12.242 -2.4118 -9.8756
12.242 -2.0469 -10.012
12.238 -1.627 -9.743
12.242 -1.6575 -9.691
8.9995 -2.0511 -8.0763
9.0693 -2.0368 -7.9523
12.305 -0.005067 -10.416
12.381 -2.3631 -10.002
12.387 -2.1176 -10.102
12.28 0.00033957 -10.05
8.2088 -15.263 -7.5291
8.2319 -15.248 -7.5433
8.2473 -15.236 -7.5643
8.2376 -15.351 -6.9731
11.328 -4.4354 -1.1896
8.7376 -15.49 -7.5132
8.7551 -15.496 -7.5079
9.7491 -13.307 -7.4391
9.7538 -13.308 -7.4409
9.6504 -13.039 -7.4323
10.294 -12.384 -7.4035
10.338 -12.183 -7.6953
9.657 -12.966 -7.2152
9.6237 -13.065 -6.9217
8.6269 -15.401 -6.3211
9.7139 -13.143 -6.7222
10.244 -12.057 -6.2645
8.5706 -15.421 -6.2313
8.6189 -15.286 -6.1561
8.6505 -15.209 -5.9853
8.6743 -15.056 -5.9386
8.7403 -14.99 -5.8465
9.639 -13.53 -5.9554
10.176 -12.393 -6.2298
10.135 -12.467 -6.0221
10.244 -12.08 -6.2313
9.227 -15.174 -5.5433
9.3557 -15.202 -5.5161
9.6339 -13.974 -5.4846
9.6973 -13.671 -5.6988
9.6778 -13.701 -5.5442
9.7432 -13.569 -5.2695
9.0391 -15.047 -4.9088
10.436 -13.907 -4.8653
9.7263 -13.619 -5.2279
10.218 -13.547 -5.2267
10.204 -13.634 -5.0716
10.148 -12.974 -5.1826
10.115 -13.026 -4.9638
10.242 -12.596 -5.2462
10.23 -12.622 -5.2181
9.1521 -15.066 -4.6805
9.1697 -15.095 -4.3933
10.192 -13.85 -4.7399
10.153 -13.944 -4.5271
10.175 -13.852 -4.3744
10.489 -13.849 -4.705
10.476 -13.806 -4.6774
10.243 -13.035 -4.3314
10.744 -12.011 -4.3677
9.2261 -15.096 -4.2363
9.1883 -15.08 -3.9123
9.2418 -15.1 -3.7751
9.6357 -15.108 -3.9125
9.6305 -15.104 -3.8926
10.109 -13.927 -3.9906
11.098 -13.832 -3.9954
10.101 -13.369 -4.1037
10.1 -13.383 -4.0901
10.658 -13.588 -4.169
10.613 -13.444 -3.9923
10.216 -13.151 -4.1074
10.724 -12.139 -4.1121
15.814 -15.65 -5.044
15.84 -15.507 -4.8885
16.114 -15.479 -4.9561
14.244 -15.454 -3.9215
14.264 -15.454 -3.9145
15.25 -15.446 -4.0321
15.445 -15.444 -3.9213
16.204 -15.46 -3.9059
15.404 -14.145 -3.9456
10.118 -11.627 -7.3902
10.121 -11.572 -7.4264
10.235 -11.163 -7.3591
11.135 -10.684 -7.2681
11.148 -10.537 -7.2576
10.716 -10.124 -7.3921
10.718 -10.106 -7.3939
10.744 -10.035 -7.4124
10.719 -11.58 -7.2272
10.721 -11.587 -7.2127
11.12 -10.812 -7.1381
10.745 -10.52 -6.7808
11.168 -10.694 -7.1308
10.742 -10.827 -6.4656
10.742 -10.553 -6.7425
10.729 -11.176 -6.013
11.245 -10.086 -5.8278
10.704 -11.564 -5.7063
10.699 -11.587 -5.6666
10.745 -11.561 -5.3025
11.188 -10.46 -5.6956
11.17 -10.547 -5.4519
11.242 -10.333 -5.5354
10.733 -11.666 -5.1225
11.227 -10.73 -4.8203
11.21 -10.865 -4.7239
11.182 -11.008 -4.4909
11.243 -10.868 -4.544
11.224 -11.18 -3.9257
9.2327 -15.149 -3.3447
9.2431 -15.141 -3.3181
10.117 -13.885 -3.7222
10.041 -13.85 -3.5572
10.133 -13.635 -3.6335
10.119 -13.662 -3.3363
10.654 -13.607 -3.6917
10.559 -13.598 -3.3384
10.653 -12.599 -3.6372
10.642 -12.604 -3.3931
10.741 -12.485 -3.3685
9.6333 -15.316 -3.2018
9.647 -15.329 -3.1042
9.6881 -15.332 -2.9583
9.9471 -15.319 -3.0307
11.383 -15.48 -2.8626
11.764 -15.409 -3.0905
11.995 -15.565 -2.791
9.1979 -15.233 -3.0824
10.103 -13.838 -3.207
10.085 -13.819 -3.1609
10.179 -13.636 -3.1007
10.157 -13.662 -2.8372
10.243 -13.538 -2.8834
10.627 -13.562 -3.1933
10.727 -12.611 -2.8862
10.745 -12.587 -2.8806
9.1853 -15.316 -2.7371
9.2048 -15.317 -2.6479
9.2148 -15.317 -2.5715
12.025 -15.559 -2.7334
10.094 -13.844 -2.6841
10.09 -13.821 -2.6702
10.202 -13.661 -2.4112
10.554 -13.712 -2.6208
10.556 -13.694 -2.5968
10.733 -12.665 -2.3337
9.1951 -15.623 -1.977
9.9399 -15.319 -2.2148
10.585 -15.379 -2.1542
10.839 -15.349 -2.1716
11.671 -15.32 -2.1682
11.843 -15.412 -2.0263
10.636 -12.911 -2.1511
10.627 -12.935 -2.0567
11.555 -12.06 -1.7918
11.558 -12.051 -1.8083
9.2066 -15.582 -1.6748
9.4283 -15.572 -1.671
9.5226 -15.51 -1.6669
10.071 -15.389 -1.651
10.223 -15.437 -1.6487
11.13 -15.371 -1.6453
11.257 -15.368 -1.6396
9.5445 -15.035 -1.4312
10.472 -13.712 -1.5572
10.48 -13.697 -1.5162
10.447 -13.583 -1.3479
11.243 -11.905 -1.4173
11.534 -12.057 -1.619
11.519 -11.961 -1.5692
11.509 -12.056 -1.4102
11.515 -11.952 -1.545
9.2264 -15.55 -1.0497
9.4046 -15.33 -1.1574
10.503 -13.735 -1.0642
10.689 -13.054 -1.1911
10.673 -13.092 -0.90686
10.744 -13.024 -0.80713
9.7264 -14.648 -0.39918
9.9397 -14.463 -0.40499
10.543 -13.476 -0.45463
10.65 -13.192 -0.3395
9.7257 -14.66 -0.080785
9.8973 -14.653 -0.087017
10.137 -14.167 -0.04082
10.565 -13.576 -0.10964
10.702 -13.137 -0.20569
10.648 -13.204 -0.080461
10.743 -13.085 0.23842
11.025 -13.191 -0.22432
11.027 -13.009 -0.13324
11.025 -13.176 0.23845
11.092 -12.71 0.15056
11.101 -12.375 -0.042411
11.243 -12.101 -0.24841
11.243 -12.101 -0.19039
11.148 -12.212 -0.06474
11.532 -12.039 0.088394
15.064 -15.475 -3.7314
15.337 -15.463 -3.7323
15.99 -15.5 -3.734
12.933 -15.387 -3.0668
13.046 -15.397 -3.0363
13.664 -15.388 -3.0302
14.007 -15.415 -2.9794
14.643 -15.394 -2.9648
14.953 -15.417 -2.9337
15.708 -15.389 -2.8958
15.826 -15.472 -2.7926
12.354 -15.537 -2.7227
12.961 -15.572 -2.7242
13.432 -15.531 -2.7122
13.921 -15.572 -2.7189
14.464 -15.505 -2.7085
14.881 -15.55 -2.7178
15.634 -15.467 -2.718
15.831 -15.493 -2.7215
13.804 -14.994 -2.2714
14.577 -14.916 -2.4144
14.587 -14.916 -2.4137
12.658 -15.3 -2.1358
12.978 -15.286 -2.1371
13.635 -15.257 -2.0975
11.167 -11.488 -3.6717
11.158 -11.5 -3.4968
11.241 -11.375 -3.4869
11.225 -11.669 -2.4293
12.248 -9.7259 -0.26013
11.599 -11.685 0.13428
11.603 -11.334 -0.07871
11.711 -11.086 -0.21556
12.017 -11.066 0.16881
12.068 -10.653 0.11669
12.066 -10.503 0.040488
12.24 -9.741 0.11591
12.517 -9.974 0.17938
12.513 -9.8705 0.1745
12.477 -9.4821 0.063425
12.619 -8.9611 -0.13173
12.623 -8.8529 -0.14244
12.721 -8.5669 -0.026481
12.733 -8.5423 0.043792
12.747 -8.5138 0.057368
12.946 -8.3955 0.076157
13.008 -8.0563 0.01117
13.006 -7.9732 -0.0095942
2.3281 -0.017237 -4.3453
2.205 -0.038905 -4.2148
13.248 -6.9362 0.050269
13.387 -6.856 0.015836
13.631 -5.9282 -0.10842
13.633 -5.8761 -0.11897
13.749 -5.1593 -0.00037423
13.807 -5.1745 -0.0083568
5.53 -1.7171 -2.8671
5.4791 -1.6341 -2.8477
4.5544 -0.60457 -2.0053
5.3556 -0.36643 -1.2111
7.8937 -3.0111 -0.013628
7.8936 -2.8248 0.029102
7.8988 -2.6298 0.031332
9.477 -1.658 -7.4898
9.4867 -1.66 -7.4735
10.066 -1.3962 -6.6072
10.093 -1.3808 -6.5833
10.607 -1.3441 -5.668
10.644 -1.3051 -5.6347
11.404 -1.1686 -3.8513
11.405 -1.1176 -3.8495
13.206 0.0073345 -6.8855
13.197 0.0046249 -6.7208
13.651 -0.014666 -6.3086
13.638 -0.016187 -6.2401
13.971 -0.015756 -6.1051
13.934 -0.013427 -5.9715
13.48 -0.0060218 -5.7469
13.504 -0.010003 -5.6687
13.714 0.0037561 -5.486
13.726 0.006873 -5.2229
13.743 0.024851 -4.7657
15.239 -0.0017206 -4.7557
13.743 0.025144 -4.7427
13.747 0.024596 -4.2632
14.132 -0.020072 -4.3574
15.234 -0.0021265 -4.7465
13.747 0.025345 -4.248
13.922 0.012406 -3.891
14.441 -0.014809 -3.7886
18.471 -14.844 -6.9328
17.4 -14.921 -5.9874
18.216 -15.132 -5.5316
18.319 -15.128 -5.5276
18.515 -15.145 -5.5123
16.433 -15.436 -5.0657
16.787 -15.504 -5.1049
17.37 -15.366 -5.0539
18.459 -14.844 -4.8596
17.959 -14.865 -4.6998
16.708 -14.174 -4.6664
16.402 -15.449 -3.8488
17.649 -14.074 -3.8582
17.784 -14.069 -3.8588
17.932 -14.066 -3.8549
11.404 -2.8876 -3.1184
11.929 -0.58644 -1.3958
11.866 -1.8814 -0.13799
11.917 -0.81021 0.09217
14.077 -0.016331 -3.5372
14.241 0.0068871 -3.413
14.239 0.0064775 -3.1807
14.248 0.012024 -2.654
14.425 -0.0096926 -2.7261
14.411 -0.0053125 -2.6209
14.382 -0.0019573 -2.397
18.392 -15.555 -15.463
18.956 -15.529 -15.519
19.271 -15.55 -15.488
19.314 -13.497 -15.726
19.33 -13.008 -15.737
18.502 -14.811 -14.548
17.878 -14.762 -13.444
17.565 -14.716 -13.439
17.079 -14.668 -12.109
17.87 -14.763 -11.504
18.82 -14.803 -11.538
19.309 -14.823 -11.653
17.584 -14.743 -11.468
17.875 -14.764 -10.986
18.087 -14.772 -11.045
18.355 -14.787 -11.08
16.28 -14.549 -11.061
16.818 -14.632 -11.024
17.029 -14.643 -11.052
17.431 -14.705 -10.971
17.583 -14.741 -10.937
16.627 -14.601 -10.653
16.744 -14.623 -10.633
19.648 -3.8637 -15.261
19.213 -3.5657 -15.135
19.633 -2.42 -14.246
19.68 -0.011369 -12.283
19.215 -0.0042703 -9.3297
19.142 -0.012869 -9.1628
16.358 -15.461 -3.7389
16.906 -14.174 -2.9072
17.472 -14.829 -2.4211
17.611 -14.825 -2.4548
17.873 -14.83 -2.4607
17.976 -14.836 -2.4467
18.136 -14.832 -2.4701
17.37 -13.943 -2.3622
17.388 -15.005 -2.1567
17.49 -15.031 -2.1414
18.35 -15.134 -2.067
18.848 -15.057 -2.1033
19.031 -15.08 -2.087
19.697 0.00034447 -3.9532
-4.867 1.0716 -1.6148
-5.6032 1.2094 -0.76904
-5.6492 1.2529 -0.67592
-5.8477 1.3096 -0.040354
-0.16915 4.2596 -0.59805
8.6185 8.5502 -15.717
8.5963 9.3438 -15.2
8.5949 9.3786 -15.2
8.734 8.612 -14.605
9.0209 8.6521 -14.715
9.1864 8.4598 -14.42
9.1511 8.6869 -14.429
8.7139 8.8614 -14.433
8.7202 8.9726 -14.468
9.1886 8.9612 -14.525
8.5319 9.8878 -14.701
8.5369 10.045 -14.706
8.7425 8.6936 -14.188
8.6045 9.0112 -14.239
9.0945 9.1057 -14.23
9.2111 8.8211 -13.955
9.2002 9.1519 -13.796
8.556 9.3942 -14.212
8.5566 9.4458 -14.213
8.7389 9.6427 -14.146
8.9225 9.5191 -14.207
8.911 9.5779 -14.204
9.1654 9.3649 -13.822
12.101 9.5693 -13.913
9.2015 9.9917 -14
9.2096 10.192 -14.045
9.2873 10.082 -14.174
9.3895 10.225 -14.16
9.1857 10.323 -13.958
9.4166 10.274 -14.154
9.6286 10.562 -13.886
9.5136 11.224 -14.025
9.5245 11.217 -14.01
8.7258 8.7414 -13.746
8.7268 8.7474 -13.744
9.2116 8.731 -13.544
9.6504 8.731 -13.345
11.374 8.378 -13.66
8.7082 8.9261 -13.74
8.7408 9.1506 -13.65
9.1874 9.0651 -13.742
9.7199 9.0866 -13.559
9.9207 9.1459 -13.662
9.9877 9.2132 -13.652
8.6762 9.6664 -13.745
9.1101 9.6427 -13.738
9.209 9.309 -13.5
9.2018 9.685 -13.297
9.519 9.4012 -13.702
9.5708 9.6268 -13.73
8.5922 9.8613 -13.726
8.5638 9.9931 -13.721
8.7312 10.132 -13.626
9.0612 9.8415 -13.736
9.0126 10.15 -13.728
9.1745 9.8583 -13.322
9.1447 10.186 -13.346
9.0625 10.605 -13.706
9.5974 10.294 -13.749
8.3158 11.565 -13.692
8.319 11.696 -13.658
9.1781 8.641 -13.244
9.2371 8.4572 -13.048
9.2382 8.5666 -13.062
9.6185 8.615 -13.239
9.7169 8.3465 -13.03
9.1759 8.76 -13.244
9.6219 9.1794 -13.245
9.7305 9.0973 -13.079
9.7274 9.1077 -13.072
10.737 8.9034 -13.048
10.772 8.9428 -13.101
8.7107 9.4822 -13.243
8.743 9.5773 -13.176
9.1918 9.6789 -13.248
9.2338 9.5381 -13.106
9.7025 9.4928 -12.98
10.188 9.6379 -13.086
10.189 9.6817 -13.085
8.6751 10.171 -13.246
8.7433 10.078 -13.115
8.7398 10.137 -13.13
8.5639 10.395 -13.226
8.5332 10.473 -13.221
8.729 10.617 -13.11
9.1906 10.443 -12.901
9.1735 10.601 -12.918
8.3423 12.052 -13.218
8.3247 12.133 -13.069
9.2227 8.6129 -12.744
9.2436 8.6858 -12.697
9.2348 8.7391 -12.701
10.014 8.4154 -12.738
10.072 8.6487 -12.744
10.159 8.4393 -12.367
10.157 8.6816 -12.37
10.631 8.7352 -12.721
10.707 8.6707 -12.64
9.2384 9.1809 -12.673
9.6095 9.641 -12.74
8.7166 10.121 -12.744
8.7443 10.128 -12.694
9.1892 10.187 -12.745
9.2429 10.146 -12.689
9.658 9.965 -12.392
8.6797 10.687 -12.747
8.7451 10.619 -12.678
8.7424 10.69 -12.684
8.5956 10.861 -12.731
8.5388 10.944 -12.723
8.728 11.103 -12.596
9.2112 10.972 -12.442
9.1989 11.051 -12.453
10.438 8.4523 -12.127
9.2257 9.2289 -12.246
9.7078 9.2471 -11.966
10.19 9.0225 -11.97
10.164 9.1378 -11.906
9.2266 9.2518 -12.24
9.1984 9.4547 -12.24
9.2365 9.6539 -12.149
9.7258 9.6248 -12.098
10.114 9.6255 -11.888
9.5887 10.021 -12.233
9.7309 9.9346 -11.974
9.7285 10.053 -11.933
8.7187 10.692 -12.245
8.745 10.673 -12.201
9.1884 10.704 -12.244
9.2436 10.688 -12.187
9.6397 10.398 -11.812
8.6817 11.184 -12.246
8.7451 11.119 -12.178
8.6833 11.249 -12.244
8.7432 11.185 -12.18
8.5628 11.407 -12.225
8.724 11.593 -12.082
12.614 11.657 -13.988
12.752 11.768 -14.002
11.789 15.559 -14.971
8.3382 12.555 -12.724
8.3636 12.729 -12.666
8.3282 13.042 -12.226
8.3725 13.233 -12.129
8.2872 13.451 -12.071
8.2924 13.566 -11.982
9.7054 1.969 -15.356
10.088 1.9942 -15.634
10.135 1.9887 -15.549
9.214 2.6518 -15.731
9.2312 2.5549 -15.609
9.6923 2.4663 -15.474
10.566 2.626 -15.738
9.2142 2.8211 -15.726
9.2261 2.9645 -15.661
9.7014 2.9202 -15.395
9.7018 3.0113 -15.358
10.131 2.9514 -15.724
10.246 2.9291 -15.53
9.2231 3.375 -15.723
9.2233 3.3725 -15.722
10.146 3.5131 -15.685
10.167 3.4545 -15.599
9.5936 4.2365 -15.736
9.659 2.0586 -15.244
9.738 2.049 -15.153
10.194 2.0997 -15.234
10.224 2.0444 -15.089
9.6559 2.5144 -15.241
9.7365 2.3934 -15.157
10.232 2.4584 -15.235
10.234 2.4564 -15.229
9.2353 3.0051 -15.243
9.2414 2.9467 -15.23
9.2266 3.4851 -15.243
9.231 3.7576 -15.207
10.719 2.7332 -14.426
10.798 2.7379 -14.506
9.737 2.1947 -14.241
9.74 2.2161 -14.231
9.7404 2.2302 -14.227
9.7409 2.2329 -14.221
10.155 2.2421 -14.234
10.231 2.2053 -14.174
10.707 1.9889 -14.247
10.729 1.9684 -13.952
11.937 1.9666 -13.816
10.174 2.4498 -14.236
10.231 2.2831 -14.168
10.648 2.6758 -14.247
10.704 2.4904 -13.802
11.697 2.614 -13.882
12.151 2.6533 -14.125
9.7165 3.2667 -14.242
9.7358 3.6648 -14.208
10.224 2.134 -13.633
10.715 1.9842 -13.732
10.717 1.973 -13.673
11.137 1.9562 -13.262
11.671 1.9528 -13.727
11.718 1.963 -13.6
11.863 1.966 -13.721
10.211 2.2532 -13.72
10.212 2.3074 -13.721
10.698 2.4728 -13.749
10.72 2.5113 -13.482
11.111 2.4754 -13.312
10.212 2.8535 -13.345
9.7393 4.2488 -13.724
10.712 1.8335 -13.241
10.738 1.9677 -13.203
11.133 1.9587 -13.25
11.614 1.9476 -13.187
11.627 1.9587 -12.948
10.711 2.3532 -13.242
10.735 2.3012 -13.137
11.08 2.4265 -13.243
11.164 2.6091 -12.934
11.69 2.5506 -13.217
11.701 2.5457 -13.146
10.21 2.7771 -13.241
10.233 2.8767 -13.188
10.71 1.7159 -12.716
10.708 1.5305 -12.455
10.707 2.169 -12.378
11.226 2.0743 -12.325
11.549 2.0082 -12.636
10.692 2.269 -12.737
11.119 2.4972 -12.741
11.531 2.5991 -12.645
11.232 2.8415 -12.367
10.72 1.4718 -12.239
10.731 1.5027 -12.206
10.724 2.1293 -12.233
10.731 1.9581 -12.184
11.207 2.1919 -12.223
11.199 2.2172 -12.187
15.857 2.1716 -14.857
15.858 2.1715 -14.858
15.795 2.5954 -14.872
15.997 2.5656 -14.868
12.821 2.0184 -14.358
8.726 5.6234 -15.736
8.7353 5.6198 -15.725
8.6471 7.1934 -15.748
8.6143 7.3263 -15.735
8.6556 7.7113 -15.476
9.1882 7.4363 -15.435
9.1924 7.6282 -15.489
8.6842 8.1183 -15.575
8.6502 7.9415 -15.524
8.7327 6.1085 -15.245
8.7208 6.2697 -15.241
8.7204 6.2747 -15.241
8.7405 6.4654 -15.198
9.1052 6.8454 -15.211
9.0914 6.8887 -15.206
8.5874 7.5424 -15.241
9.082 7.3623 -15.206
9.0779 7.3886 -15.204
9.2325 4.6209 -14.746
9.2432 4.6393 -14.721
9.2265 4.7625 -14.744
9.2362 5.3422 -14.703
8.728 7.1976 -14.745
8.7267 7.2543 -14.741
8.717 7.3473 -14.74
8.7401 7.541 -14.681
9.2121 7.4901 -14.476
9.201 7.6897 -14.551
9.0919 8.2288 -14.742
9.1976 7.964 -14.335
9.6697 5.2127 -14.247
9.67 5.2494 -14.247
9.2447 5.71 -14.22
9.2436 5.7264 -14.222
9.2282 5.8914 -14.243
9.2258 6.2564 -14.238
9.2226 6.2952 -14.237
9.2374 6.5379 -14.185
9.7096 6.2753 -13.932
9.7134 6.4891 -13.978
8.7336 8.2476 -14.212
9.5706 8.1468 -13.843
10.58 7.9944 -13.865
9.726 4.6296 -13.743
9.7266 4.7496 -13.74
9.736 5.0152 -13.711
9.6882 6.1637 -13.743
9.6787 6.2643 -13.744
9.2243 6.9246 -13.743
9.2365 7.229 -13.716
9.2357 7.2332 -13.717
9.2341 7.665 -13.661
10.159 7.7067 -13.387
10.605 8.0064 -13.654
10.582 7.9654 -13.509
11.193 8.2118 -13.546
11.073 8.0953 -13.318
9.7254 5.7552 -13.242
9.738 6.0758 -13.203
10.096 7.7174 -13.245
10.195 7.5437 -12.993
9.7093 8.0012 -13.229
10.646 7.9387 -13.151
10.621 7.9183 -13.063
10.656 7.7878 -12.847
10.995 8.0458 -12.972
10.988 8.0417 -12.956
10.222 4.2635 -12.738
10.235 4.4278 -12.715
9.7253 6.7188 -12.745
9.738 6.9837 -12.694
9.6927 7.6525 -12.744
9.7357 7.4323 -12.545
9.694 7.7495 -12.744
9.736 7.5579 -12.551
10.13 7.5686 -12.742
10.597 7.7008 -12.726
10.636 7.6256 -12.465
10.241 5.1218 -12.218
10.239 5.2362 -12.217
10.226 5.2574 -12.242
10.238 5.3866 -12.215
9.7282 7.5659 -12.243
10.239 7.7235 -12.191
10.483 7.6508 -12.238
10.65 7.5301 -11.936
9.7328 8.1632 -12.156
10.226 8.1621 -12.051
10.593 8.1347 -11.863
11.111 2.1594 -11.737
11.139 2.2486 -11.736
11.735 1.8678 -11.362
12.022 1.9802 -11.589
12.038 1.9345 -11.4
11.142 2.2649 -11.735
11.147 2.3905 -11.732
10.736 3.2442 -11.719
10.726 3.2632 -11.741
10.726 3.338 -11.74
10.735 3.7224 -11.722
10.732 3.749 -11.721
10.732 3.7504 -11.721
11.964 2.0023 -11.2
11.732 2.3551 -11.134
11.962 2.3355 -11.19
11.229 2.7282 -10.738
11.235 2.6392 -10.717
11.229 2.7389 -10.738
11.235 2.7197 -10.713
11.235 2.726 -10.708
11.233 2.844 -10.719
11.728 1.7494 -9.737
11.734 1.7269 -9.7141
11.734 1.7276 -9.7103
11.733 1.8397 -9.727
12.241 2.1886 -9.7411
12.241 2.1867 -9.7404
8.7469 0.61523 -8.4702
8.7624 0.58955 -8.4549
8.8869 0.38468 -8.3525
8.6217 0.802 -8.7069
8.6272 0.89103 -8.7009
8.6887 1.2668 -8.6027
10.231 6.2233 -11.745
10.241 6.1773 -11.726
10.234 7.1218 -11.643
10.234 7.1422 -11.641
10.194 7.6439 -11.741
10.597 7.5767 -11.745
11.04 7.6649 -11.64
11.109 7.6328 -11.524
10.185 7.7728 -11.74
10.547 7.8651 -11.749
10.594 8.2088 -11.716
10.662 7.8131 -11.296
10.66 8.0621 -11.299
10.228 7.2331 -11.244
10.242 7.2101 -11.218
10.237 7.2463 -11.224
10.237 7.2972 -11.218
10.737 7.4794 -11.12
10.918 7.4857 -11.205
11.001 7.8146 -11.184
10.704 7.2081 -10.745
10.704 7.2477 -10.744
11.234 7.2498 -10.104
11.234 7.2541 -10.102
11.21 7.2231 -9.7455
11.212 7.2481 -9.7448
10.74 7.7009 -9.7421
10.742 7.6969 -9.7382
7.6739 9.2453 -15.738
7.7397 9.165 -15.662
8.2116 9.4503 -15.725
8.2002 9.6725 -15.533
8.1854 9.7145 -15.608
8.1884 10.051 -15.731
8.1777 10.206 -15.749
7.1949 10.75 -15.745
7.2425 10.717 -15.685
6.68 11.744 -15.749
6.6784 11.75 -15.749
7.2277 11.587 -15.587
7.2185 11.685 -15.567
7.4485 11.436 -15.664
7.5391 11.47 -15.672
7.0457 12.202 -15.623
7.1576 12.063 -15.448
8.1581 9.749 -14.771
7.7469 10.109 -15.169
7.743 10.181 -15.153
8.1621 9.7676 -14.768
8.1181 11.09 -14.836
8.0783 11.124 -14.874
8.0784 11.211 -14.792
7.6543 11.748 -15.213
7.7145 11.697 -15.162
7.7133 11.703 -15.154
7.6123 11.796 -15.207
8.2253 9.5905 -14.659
8.2216 9.6538 -14.603
8.1866 9.7352 -14.672
8.2113 9.6807 -14.275
8.1959 9.7166 -14.29
8.1921 9.7358 -14.282
7.739 10.2 -14.745
7.7453 10.199 -14.735
8.1896 9.8472 -14.724
8.2096 10.186 -14.558
8.1901 10.209 -14.552
8.1982 10.01 -14.27
8.1099 10.203 -14.373
8.1033 10.233 -14.351
7.7426 10.534 -14.68
7.739 10.668 -14.661
8.178 10.489 -14.28
8.1149 11.214 -14.727
7.2431 11.603 -14.743
7.2434 11.604 -14.743
8.1006 11.599 -14.381
8.099 11.601 -14.383
8.2353 9.6795 -14.227
8.2354 9.7124 -14.214
8.2189 9.737 -14.228
8.2147 9.9961 -14.236
8.2119 10.548 -14.213
8.2135 10.686 -14.122
8.193 10.714 -14.123
7.6965 11.064 -14.243
7.7374 11.169 -14.159
8.2208 11.048 -14.159
8.2221 11.136 -14.096
8.1754 11.065 -13.782
8.2281 11.551 -14.105
8.2292 11.584 -14.073
8.0981 12.061 -13.892
8.0623 12.101 -13.927
8.0565 12.244 -13.789
8.2074 11.104 -13.706
8.1074 11.205 -13.366
8.1019 11.223 -13.355
7.6701 11.709 -13.746
7.7374 11.676 -13.665
8.1834 11.581 -13.262
8.2348 12.014 -13.62
8.2363 12.11 -13.523
8.0948 12.245 -13.708
8.2018 11.615 -13.206
8.1269 11.709 -12.842
8.1252 11.719 -12.835
8.1981 12.186 -12.657
8.1945 12.195 -12.65
2.8663 14.967 -14.026
2.8315 14.94 -13.83
3.927 13.874 -13.463
4.0174 13.884 -13.413
4.0566 13.949 -13.369
3.2575 15.053 -13.347
4.0542 14.485 -12.461
3.4639 15.138 -12.666
7.0351 12.499 -15.655
7.1463 12.387 -15.374
6.6163 13.193 -15.324
6.2117 13.687 -15.389
6.585 13.506 -15.643
6.6327 13.358 -15.423
5.6222 14.199 -15.744
5.6263 14.246 -15.732
5.94 14.222 -15.612
6.1076 13.98 -15.355
5.6103 14.294 -15.726
5.9179 14.379 -15.554
5.9292 14.401 -15.563
7.0418 12.737 -15.176
7.1939 12.592 -15.046
7.181 12.678 -14.94
6.5926 13.218 -15.244
6.7458 13.125 -15.126
6.7423 13.154 -15.107
7.1362 12.971 -14.919
6.5119 13.373 -15.239
6.4504 13.73 -15.172
6.6791 13.57 -15.019
5.9755 14.163 -15.231
6.2401 13.991 -15.104
6.2364 14.166 -14.975
5.8782 14.456 -15.217
5.8457 14.706 -15.133
6.1819 14.448 -14.907
5.7254 14.949 -15.043
5.7269 15.129 -14.924
7.4146 12.701 -14.665
7.677 12.568 -14.524
7.0089 13.238 -14.708
7.216 13.068 -14.542
7.2032 13.146 -14.439
6.6223 13.68 -14.744
6.7459 13.59 -14.65
6.7455 13.676 -14.582
7.1323 13.495 -14.422
6.5164 13.888 -14.74
6.416 14.229 -14.691
6.7085 14.007 -14.481
6.0597 14.558 -14.724
6.2285 14.447 -14.605
5.8361 15.062 -14.717
5.8799 15.22 -14.666
5.7236 15.551 -14.612
5.7133 15.728 -14.516
6.6605 15.445 -14.326
7.4253 13.221 -14.155
7.6655 13.091 -14.019
7.6054 13.214 -13.854
7.0098 13.742 -14.232
7.2393 13.546 -14.042
7.2243 13.617 -13.935
7.5961 13.361 -13.851
6.6405 14.118 -14.238
6.7409 14.051 -14.165
6.741 14.214 -14.035
7.1107 13.981 -13.87
6.7336 14.386 -13.967
6.127 15.018 -14.22
6.2113 14.865 -14.135
6.2211 15.225 -13.865
6.0895 15.338 -14.227
6.6017 15.389 -14.206
7.2187 12.663 -13.745
7.246 12.656 -13.696
8.1119 12.506 -13.38
8.0148 12.613 -13.478
8.0225 12.747 -13.332
7.8266 13.06 -13.542
7.8755 13.141 -13.416
7.4524 13.738 -13.652
7.006 14.172 -13.743
7.2456 13.982 -13.556
7.2253 14.129 -13.311
7.5158 13.949 -13.347
6.6643 14.504 -13.729
6.7306 14.463 -13.677
6.296 15.163 -13.719
6.2924 15.218 -13.716
8.2383 12.475 -13.121
8.2408 12.614 -12.982
8.1066 12.748 -13.157
7.1999 13.184 -13.246
7.2437 13.172 -13.168
8.1198 12.991 -12.876
8.0025 13.12 -12.995
7.3594 14.241 -13.098
7.2463 14.361 -13.034
6.6695 14.876 -13.21
6.7087 14.82 -13.177
6.5609 15.45 -13.207
6.9594 15.439 -13.179
7.6619 12.749 -12.736
7.7237 12.792 -12.637
8.2444 12.974 -12.603
8.2454 13.097 -12.461
7.1916 13.689 -12.745
7.236 13.675 -12.662
7.2342 14.483 -12.744
7.2438 14.476 -12.735
6.6969 15.102 -12.736
6.7391 15.105 -12.709
8.1943 12.582 -12.247
8.2119 12.691 -12.154
7.6548 13.248 -12.236
7.722 13.204 -12.148
7.3989 14.594 -12.243
7.3986 14.594 -12.243
7.2212 14.836 -12.228
7.2288 14.823 -12.223
7.2324 15.423 -12.016
4.1495 15.043 -11.357
8.135 12.808 -11.716
8.1318 12.834 -11.686
6.7403 15.478 -11.71
8.1192 13.331 -11.22
8.1168 13.352 -11.195
4.8015 14.431 -10.757
7.7423 14.664 -11.244
7.7439 14.663 -11.242
6.7485 15.45 -11.191
6.8071 15.435 -11.159
7.7466 15.35 -11.004
7.8139 15.344 -11.005
8.109 13.839 -10.725
8.0972 13.876 -10.692
7.5551 15.038 -10.237
7.7015 15.158 -10.11
7.7346 15.289 -9.4183
7.8174 15.574 -8.9795
8.1175 15.297 -9.048
8.2101 15.275 -8.5714
5.403 14.73 -8.0752
5.4078 14.759 -8.0116
13.749 5.6568 -0.0018421
13.826 5.6729 -0.01479
13.249 7.5984 -0.11177
13.419 7.6548 0.0018622
13.177 7.8893 -0.11856
13.178 7.8819 -0.11792
13.374 12.378 -14.069
15.935 14.448 -13.357
16.047 14.459 -13.37
9.7195 8.3456 -11.739
9.7398 8.4888 -11.684
10.426 8.476 -11.696
10.391 8.57 -11.681
9.6844 9.1892 -11.746
9.6745 9.2693 -11.743
9.7166 9.7438 -11.572
10.064 9.6775 -11.747
10.214 9.5061 -11.472
10.184 9.5691 -11.392
9.2038 9.9854 -11.742
9.2409 10.157 -11.654
9.7263 10.211 -11.553
10.143 9.959 -11.395
9.1847 10.721 -11.747
9.1893 10.75 -11.742
9.5671 10.405 -11.727
9.7278 10.375 -11.54
9.7285 10.637 -11.391
8.7204 11.195 -11.746
8.7457 11.175 -11.706
9.187 11.206 -11.744
9.2435 11.187 -11.686
9.6463 10.871 -11.292
8.6822 11.691 -11.747
8.746 11.648 -11.679
8.6825 11.749 -11.745
8.745 11.681 -11.679
8.5789 11.887 -11.726
8.5601 11.912 -11.717
9.7292 9.0316 -11.242
9.7422 9.0628 -11.213
9.6889 9.5774 -11.242
9.7389 9.4756 -11.183
9.735 9.7026 -11.184
9.6553 9.8012 -11.237
10.089 10.143 -11.245
10.49 9.8334 -11.111
10.545 10.119 -11.151
9.207 10.601 -11.244
9.2429 10.666 -11.164
9.7614 10.634 -11.207
9.7669 10.711 -11.149
10.166 10.566 -10.984
9.1839 11.204 -11.247
9.2459 11.151 -11.17
9.2415 11.182 -11.175
9.5907 10.882 -11.241
9.7317 10.845 -11.022
9.7316 11.151 -10.868
8.7196 11.698 -11.247
8.7463 11.677 -11.205
9.1788 11.262 -11.24
9.1811 11.689 -11.243
9.2428 11.661 -11.181
9.6557 11.363 -10.792
10.237 8.598 -10.659
10.236 8.6553 -10.654
9.7292 9.6987 -10.744
9.7441 9.6902 -10.714
9.6977 9.9431 -10.738
9.7359 9.8311 -10.698
9.6727 10.246 -10.737
9.7313 10.176 -10.662
10.09 10.643 -10.748
10.507 10.278 -10.614
10.529 10.634 -10.625
9.2063 11.187 -10.745
9.2432 11.174 -10.672
9.8173 11.084 -10.726
9.8029 11.226 -10.663
9.1846 11.704 -10.747
9.2462 11.651 -10.68
9.2364 11.699 -10.686
9.5922 11.383 -10.741
9.736 11.343 -10.528
9.7382 11.634 -10.363
9.1722 11.768 -10.737
9.5472 11.927 -10.358
10.237 8.7116 -10.244
10.243 8.7036 -10.231
9.7312 10.208 -10.246
9.7454 10.198 -10.219
9.7372 10.247 -10.219
9.7207 10.266 -10.238
9.6671 10.746 -10.237
9.7312 10.669 -10.154
10.241 10.96 -9.9528
10.241 10.966 -9.9504
10.434 10.816 -10.068
10.438 11.075 -10.062
9.1989 11.714 -10.246
9.2425 11.681 -10.176
9.8503 11.533 -10.237
9.838 11.739 -10.14
9.2265 12.207 -10.154
9.5527 11.929 -10.234
9.555 11.927 -10.218
10.696 8.7219 -9.7463
10.696 8.7481 -9.7451
10.236 9.4747 -9.7415
10.242 9.4991 -9.7245
10.193 10.242 -9.7481
10.194 10.249 -9.7473
9.7322 10.729 -9.7469
9.7465 10.716 -9.721
9.736 10.75 -9.7403
9.7428 10.733 -9.7279
9.6704 11.248 -9.7368
9.7319 11.175 -9.6595
10.739 9.1536 -9.1571
10.739 9.1573 -9.157
10.238 10.166 -9.2436
10.244 10.162 -9.2293
9.6757 11.747 -9.2392
9.7355 11.677 -9.1654
10.742 9.612 -8.6719
10.74 9.6699 -8.666
10.237 10.679 -8.7455
10.246 10.672 -8.7227
10.713 10.116 -8.2451
10.744 10.027 -8.2043
10.7 10.249 -8.2409
10.737 10.194 -8.1817
10.709 10.735 -7.995
10.227 11.212 -8.2482
10.248 11.194 -8.193
10.717 10.854 -8.0396
10.22 11.711 -7.9791
10.232 11.964 -8.0741
10.167 12.233 -7.8395
10.701 12.108 -7.8733
10.948 12.138 -7.9243
8.3024 13.512 -11.718
8.4183 13.74 -11.558
8.4132 13.801 -11.54
8.5412 14.051 -11.546
8.6566 12.284 -11.236
8.7234 12.539 -11.038
8.3811 13.852 -11.237
8.9164 15.529 -10.958
9.9395 15.449 -10.959
8.6832 12.541 -10.743
8.7449 12.585 -10.681
8.732 12.701 -10.667
8.7138 12.942 -10.514
8.7001 12.721 -10.248
8.7457 12.686 -10.183
9.1542 12.285 -10.23
9.1382 12.577 -10.228
9.2203 12.449 -10.106
8.6775 12.852 -10.236
8.7401 12.936 -10.175
8.4964 15.383 -10.019
8.7024 15.437 -9.9709
8.752 15.452 -9.958
9.188 12.663 -9.7444
9.2432 12.589 -9.6741
9.5276 15.411 -9.4538
9.2091 13.162 -9.2438
9.2225 13.249 -9.2429
8.735 13.694 -9.1794
8.7319 13.719 -9.1468
9.2986 13.802 -8.8044
9.2981 13.806 -8.8038
9.3678 15.373 -8.9014
9.1561 13.301 -8.7302
9.245 13.627 -8.7033
9.7441 12.582 -8.2464
9.7464 12.579 -8.2423
9.6787 12.75 -8.2435
9.7437 12.649 -8.1439
9.7355 12.665 -8.121
10.176 12.321 -7.849
9.6427 12.8 -8.2369
9.5872 12.95 -8.231
9.7406 13.023 -8.1181
9.6728 13.236 -7.95
10.223 12.793 -7.9421
10.301 12.847 -8.0064
9.6853 13.311 -7.9856
9.7367 13.746 -7.931
9.7352 13.751 -7.9273
15.568 14.465 -10.415
15.781 14.492 -10.448
3.8809 5.4256 -4.2478
5.3567 0.45921 -0.48367
5.786 0.42071 -0.63004
4.301 3.0089 -0.56544
4.3122 0.62701 -0.078145
1.5105 4.7564 0.0055794
11.69 1.2822 -2.8607
11.697 1.3503 -2.8124
11.699 1.3819 -2.7901
11.347 3.6093 -2.8987
11.314 4.0237 -2.4314
11.834 2.4198 0.08359
14.25 3.6042 -0.014293
14.263 3.6204 -0.011151
5.486 8.634 0.04498
10.74 10.738 -7.5381
10.712 11.059 -7.7442
10.581 11.522 -7.3842
10.163 12.198 -7.6952
10.23 12.064 -7.5077
10.702 12.245 -7.4176
10.916 12.025 -7.4174
10.957 12.173 -7.5402
10.749 11.088 -7.1257
10.746 11.12 -7.1134
10.504 11.594 -7.2435
10.509 11.868 -7.1986
10.563 11.835 -6.8333
11.249 10.123 -6.7075
11.248 10.178 -6.676
11.171 10.317 -6.7476
11.166 10.379 -6.7461
11.205 10.672 -6.3231
11.2 11.036 -6.5072
10.73 11.682 -6.4631
10.574 11.906 -6.6012
11.141 11.053 -6.2445
11.242 10.814 -6.0695
10.7 12.196 -5.871
11.228 11.244 -5.289
11.229 11.299 -5.2987
11.748 10.121 -5.1593
11.743 10.145 -5.1395
11.627 10.355 -5.2414
11.624 10.378 -5.2397
11.191 11.449 -5.2456
11.244 11.348 -5.1815
11.046 11.899 -4.9644
11.084 11.858 -4.8068
11.231 11.705 -4.413
11.14 11.842 -4.5506
11.748 10.64 -4.1498
11.748 10.643 -4.1422
11.182 11.984 -4.2458
11.245 11.89 -4.1769
10.13 12.745 -7.5709
10.829 12.375 -7.5606
10.14 12.78 -7.5704
9.6511 13.747 -7.6869
9.6896 13.704 -7.6468
8.6758 15.378 -7.3513
10.109 12.73 -7.2477
10.245 12.474 -7.059
10.183 12.708 -6.8528
10.091 12.817 -7.2162
10.119 13.006 -7.2206
10.196 12.898 -6.9057
9.6341 13.715 -7.2467
9.7452 13.564 -7.1109
9.677 13.747 -6.9116
9.6806 13.772 -6.9349
8.733 15.391 -6.9049
10.246 12.637 -6.6338
10.237 12.661 -6.6174
10.096 13.058 -6.7383
10.241 13.055 -6.6117
9.6894 14.245 -6.7135
9.7098 14.23 -6.6947
10.558 12.397 -6.2103
10.562 12.421 -6.2112
10.696 12.456 -5.9368
10.176 13.174 -6.2473
10.246 13.068 -6.1631
10.206 13.205 -5.9661
10.11 13.334 -6.2136
10.118 13.44 -6.217
10.212 13.483 -5.9747
9.1527 15.186 -5.9562
9.0085 15.281 -6.1599
10.624 12.521 -5.7406
10.74 12.414 -5.5365
10.133 13.605 -5.7428
10.243 13.525 -5.5883
10.213 14.026 -5.7358
10.239 14.022 -5.7091
10.534 14.022 -5.3262
9.23 15.124 -5.7479
9.2479 15.114 -5.7031
9.2175 15.186 -5.4524
9.7043 15.272 -5.2634
10.722 12.515 -5.2465
10.746 12.478 -5.219
10.706 12.664 -4.8675
10.653 13.021 -4.9492
10.171 13.658 -5.2478
10.247 13.554 -5.1718
10.204 13.67 -4.9397
10.727 13.59 -5.0746
10.712 13.641 -4.9994
10.1 13.799 -5.2251
10.156 14.245 -5.2006
10.167 14.142 -5.0735
10.496 13.993 -5.2215
10.641 13.86 -4.8093
9.2335 15.308 -5.0297
9.6694 15.294 -5.2123
9.7088 15.256 -5.0967
9.8688 15.285 -5.2271
10.602 13.056 -4.7408
10.721 13.03 -4.5083
10.58 13.851 -4.7141
10.705 13.911 -4.4667
10.872 13.919 -4.6092
9.5821 15.173 -4.7363
9.6672 15.148 -4.5736
10.679 13.084 -4.247
10.746 12.99 -4.1782
10.537 13.383 -4.2115
10.582 13.686 -4.2329
11.192 13.61 -4.0651
10.246 14.056 -4.1072
10.19 14.162 -4.062
10.649 14.057 -4.2179
10.663 13.915 -3.923
9.6628 15.206 -4.2465
9.7013 15.197 -4.1495
15.87 15.661 -5.0494
16.102 15.481 -4.9069
15.68 14.156 -3.9331
16.163 15.488 -3.7885
11.225 12.147 -3.4556
11.748 11.631 -0.69548
11.726 11.674 -0.41007
11.625 11.856 -0.73553
11.629 11.852 -0.67837
12.207 10.624 -0.054882
12.105 11.109 0.030549
12.104 11.154 0.031682
11.747 11.656 -0.17266
12.015 11.623 0.04994
12.748 9.174 -0.22533
12.962 9.1129 0.10941
12.57 10.081 0.087452
12.571 10.126 0.094092
12.504 10.612 0.044294
11.138 12.572 -3.4673
10.748 13.097 -3.6385
10.745 13.107 -3.604
10.728 13.137 -3.5736
10.595 13.354 -3.7404
10.587 13.514 -3.7324
10.635 13.638 -3.5266
11.116 13.631 -3.7063
11.151 13.749 -3.6535
10.553 13.932 -3.6453
10.589 13.88 -3.3324
11.458 13.858 -3.7355
9.7095 15.143 -3.7467
9.7464 15.112 -3.6484
9.6612 15.244 -3.4753
9.6443 15.278 -3.3504
11.127 12.547 -3.2446
11.24 12.357 -2.98
10.62 13.638 -3.247
10.727 13.525 -3.0075
11.066 13.691 -3.1967
11.126 13.711 -3.1122
10.518 13.85 -3.1881
9.6788 15.338 -3.2023
10.2 15.394 -2.8547
10.714 13.531 -2.7463
10.745 13.483 -2.7266
9.7141 15.341 -2.3343
10.424 15.256 -2.2824
9.7273 15.353 -2.1853
10.188 15.266 -2.2405
10.187 15.281 -2.2115
10.156 15.512 -1.9255
10.843 15.538 -1.9187
11.918 15.41 -2.0111
10.748 13.586 -1.6986
9.7424 15.336 -1.4434
11.248 12.629 -1.1807
11.232 12.653 -1.0994
11.118 12.863 -1.2379
11.116 12.88 -1.2331
10.722 13.683 -0.81415
10.955 13.608 -1.152
10.968 13.676 -1.0995
10.013 15.026 -1.2147
9.7489 15.337 -1.0019
9.8196 15.311 -1.0376
11.246 12.671 -0.6684
11.23 12.691 -0.66484
10.743 13.666 -0.74812
11.033 13.341 -0.25484
10.216 14.625 -0.30068
11.225 12.722 -0.042752
11.525 12.708 -0.01666
11.125 13.125 -0.0027052
11.116 13.171 0.0094454
11.612 13.121 -0.14599
11.612 13 -0.10397
10.718 13.724 0.020571
11.034 13.345 0.2425
10.615 14.123 0.0073383
10.603 14.179 -0.0098316
10.215 14.631 0.10229
10.494 14.348 -0.14999
16.141 15.459 -3.7365
13.991 15.505 -2.8135
14.919 15.485 -2.8035
15.879 15.397 -2.8813
13.718 15.003 -2.2515
14.121 14.988 -2.2676
14.932 15.383 -2.6165
15.836 15.376 -2.6467
13.493 15.14 -2.0695
12.885 15.394 -1.9178
13.628 15.261 -2.0784
19.678 3.8334 -15.268
18.869 2.4964 -15.083
19.18 3.4749 -15.134
19.654 2.1732 -14.256
18.094 14.878 -6.5276
19.658 15.089 -5.9703
18.126 15.565 -6.0093
17.042 14.896 -5.5078
18.549 14.978 -4.8675
17.553 14.151 -4.5843
19.431 14.871 -4.5195
18.101 14.042 -3.8513
16.537 15.497 -3.7557
17.153 15.445 -3.759
19.323 12.997 -15.702
19.317 13.494 -15.744
19.649 14.942 -15.03
19.049 14.808 -13.931
16.406 14.525 -13.124
17.08 14.647 -13.097
18.439 14.812 -13.068
18.506 14.816 -13.063
18.592 14.814 -13.058
18.984 14.843 -13.014
19.025 14.848 -13.012
17.741 14.759 -12.419
17.804 14.762 -12.42
17.94 14.769 -12.422
17.34 14.702 -12.038
17.745 14.76 -12.049
17.768 14.76 -12.049
18.088 14.772 -12.053
19.174 14.819 -11.893
19.496 14.831 -11.857
17.574 14.74 -11.458
17.929 14.763 -11.477
18.089 14.769 -11.442
16.771 14.632 -10.872
17.145 14.66 -10.93
17.376 14.697 -10.922
17.455 14.707 -10.917
16.638 14.595 -10.489
16.646 14.597 -10.49
18.145 14.02 -3.6896
16.537 15.49 -3.7425
17.127 15.43 -3.7362
16.881 14.107 -2.9221
17.801 14.811 -2.9028
17.86 14.808 -2.8957
17.952 14.811 -2.8995
17.227 13.987 -2.3629
16.925 14.868 -2.2049
17.165 14.865 -2.1856
17.24 14.866 -2.1782
17.274 14.868 -2.1729
17.54 14.879 -2.1323
-0.35851 0.11762 4.6898
-0.2228 0.12172 4.5783
-0.82582 -0.014971 4.9278
-0.43183 0.064752 4.9308
-0.61238 0.033318 5.0494
-0.87689 0.0098816 5.5823
-1.6554 -0.090601 6.4704
-1.8525 -0.096753 6.9828
-2.5457 -0.17647 7.7261
-2.5496 -0.16236 7.7953
-2.2785 -0.086452 8.1176
-2.2041 0.1307 8.9445
-7.7529 -0.41233 12.165
12.248 -9.7269 0.25074
11.207 -11.697 2.4208
11.23 -11.373 3.6574
11.148 -11.46 3.8333
11.183 -11.448 3.9958
11.174 -11.245 4.0266
9.2062 -15.101 4.2815
9.1923 -15.068 4.5965
9.5666 -15.137 4.4144
9.6188 -15.164 4.4908
10.195 -13.834 4.7413
10.495 -13.79 4.428
10.525 -13.918 4.6265
10.071 -13.728 4.3079
10.065 -13.327 4.3445
10.238 -13.038 4.6693
10.553 -12.729 4.365
10.587 -12.302 4.355
10.736 -11.959 4.721
8.9415 -15.036 4.99
10.184 -13.848 4.7636
10.204 -13.852 4.9883
10.419 -13.86 4.826
9.6652 -13.723 5.2232
10.23 -13.652 5.0761
10.242 -13.574 5.1579
10.308 -13.651 5.0119
10.311 -13.536 5.0943
10.119 -13.172 4.87
10.193 -13.14 5.1599
10.734 -12.017 5.0271
10.712 -11.959 5.1081
9.3687 -15.251 5.3984
9.1395 -15.19 5.2624
9.128 -15.171 5.3043
9.2915 -15.21 5.4747
9.6984 -13.632 5.2954
9.7368 -13.597 5.6927
10.239 -13.561 5.4016
10.278 -13.564 5.3717
10.105 -13.233 5.3254
10.236 -12.563 5.7087
10.578 -12.228 5.3849
10.586 -12.229 5.4436
10.662 -11.807 5.348
8.5672 -15.43 6.1636
8.5926 -15.246 5.8966
8.6093 -15.221 5.8855
9.6063 -13.738 5.866
9.7231 -13.173 6.1772
9.7445 -13.119 6.1816
10.158 -12.641 5.8289
10.2 -12.441 6.2189
10.246 -12.144 6.1478
8.5591 -15.411 6.272
9.7329 -13.092 6.7036
10.149 -12.572 6.3107
10.121 -12.246 6.5653
10.232 -12.053 6.6693
9.6122 -13.236 6.8295
9.6951 -13.003 7.2127
9.7394 -12.592 7.0967
9.7448 -12.579 7.0917
10.014 -12.236 6.9155
10.092 -12.223 7.2479
9.5799 -13.217 7.3589
10.342 -12.266 7.4778
10.124 -12.226 7.4764
10.331 -12.241 7.5082
8.5629 -15.434 7.8929
8.794 -15.437 7.9049
8.7202 -13.961 8.2276
8.9258 -13.705 7.9297
8.9285 -13.505 8.0165
9.9089 -12.767 7.9238
9.9167 -12.743 7.9216
15.382 -15.475 4.8407
15.613 -15.694 5.0271
11.228 -10.796 4.7352
10.708 -11.689 5.1902
11.21 -10.819 4.7687
10.696 -11.662 5.2998
10.732 -11.46 5.7183
11.215 -10.279 5.7013
10.683 -11.513 5.7996
11.149 -10.35 5.8168
10.602 -11.511 6.3372
10.596 -11.315 6.3186
10.718 -10.866 6.6277
10.745 -10.543 6.7497
10.149 -11.677 7.151
10.24 -11.336 7.132
10.342 -11.225 7.0832
10.745 -10.543 6.7503
10.732 -10.331 7.1524
11.157 -10.61 7.1764
11.153 -10.546 7.2172
10.958 -10.209 6.9917
10.933 -9.9864 6.9963
10.073 -11.75 7.3224
10.08 -11.608 7.4099
10.735 -11.617 7.4513
10.771 -11.619 7.4161
10.636 -10.455 7.3442
11.109 -10.698 7.2766
11.139 -10.545 7.2568
2.2968 -7.8117 3.6849
8.1888 -15.3 7.0499
8.1995 -15.26 7.5213
7.9107 -15.339 7.8974
9.7246 -14.654 0.3053
9.8898 -14.646 0.30285
10.558 -13.354 0.33949
10.737 -13.093 0.25713
11.019 -12.806 0.40552
11.011 -12.921 0.5777
11.084 -12.449 0.34972
11.063 -12.72 0.5508
9.5079 -15.19 1.1032
9.5476 -15.042 1.0682
10.482 -13.72 0.87627
10.468 -13.509 0.94508
10.481 -13.54 1.1222
10.744 -12.991 1.1533
11.008 -12.766 0.88712
11 -13.092 1.244
11.012 -12.539 0.93375
11.005 -12.75 1.2094
9.2466 -15.417 1.4597
9.5164 -15.237 1.4232
10.402 -13.634 1.5116
10.696 -13.037 1.3002
10.73 -12.98 1.4863
10.998 -12.748 1.2754
10.941 -12.461 1.473
9.1738 -15.686 1.9012
9.4413 -15.654 1.9222
9.5006 -15.619 1.9279
9.7161 -15.496 1.9336
11.713 -15.469 1.9066
11.81 -15.472 1.9066
10.413 -13.65 1.9839
10.413 -13.648 1.9865
10.643 -13.035 1.8516
10.658 -13.016 2.025
9.2006 -15.319 2.6304
12.036 -15.559 2.732
10.146 -13.732 2.3847
10.634 -12.888 2.3408
10.65 -12.811 2.3322
10.726 -12.68 2.2723
11.141 -11.819 2.471
9.1805 -15.319 2.7678
9.6759 -15.363 2.8913
9.8845 -15.38 2.8298
11.951 -15.568 2.8031
10.052 -13.821 2.8546
10.13 -13.863 3.1265
10.242 -13.548 3.2008
10.612 -13.364 3.1603
10.545 -13.243 2.9012
10.586 -12.835 2.8696
9.5939 -15.272 3.3978
9.5938 -15.27 3.4105
9.65 -15.172 3.6317
9.6581 -15.156 3.6589
10.054 -13.869 3.32
10.143 -13.886 3.6364
10.15 -13.658 3.3439
10.191 -13.62 3.6274
10.537 -13.544 3.3615
10.681 -13.527 3.6878
10.737 -12.507 3.635
9.2271 -15.096 4.2372
9.1896 -15.081 3.9122
9.2418 -15.099 3.7768
9.6367 -15.109 3.9119
9.6316 -15.105 3.8921
10.109 -13.925 3.9921
11.098 -13.832 3.9969
10.102 -13.366 4.1082
10.101 -13.396 4.0785
10.658 -13.592 4.1677
10.613 -13.447 3.9894
10.217 -13.151 4.1117
10.729 -12.151 4.0339
12.667 -15.387 1.9127
12.85 -15.361 1.9363
13.367 -15.014 2.2494
12.434 -15.463 2.6196
13.038 -15.473 2.5991
13.503 -15.441 2.5994
14.01 -15.464 2.5954
14.523 -15.416 2.6023
14.968 -15.448 2.6052
15.617 -15.387 2.6347
15.845 -15.496 2.7146
13.794 -15.003 2.2534
14.362 -14.993 2.2814
14.664 -14.981 2.2772
12.462 -15.552 2.823
12.87 -15.579 2.8278
13.559 -15.544 2.8201
13.854 -15.568 2.8258
14.601 -15.515 2.8084
14.845 -15.537 2.812
15.694 -15.462 2.7919
15.812 -15.473 2.7956
14.235 -15.436 3.6964
14.258 -15.437 3.7006
15.032 -15.443 3.6725
15.388 -15.432 3.6852
15.997 -15.504 3.7387
14.244 -15.454 3.9215
14.264 -15.454 3.9145
15.25 -15.446 4.0321
15.445 -15.444 3.9213
15.985 -15.466 3.9261
15.404 -14.145 3.9456
3.9849 -14.657 11.909
7.721 -15.322 8.4964
7.5281 -15.091 9.1003
7.5231 -15.214 9.4019
7.7466 -15.309 10.063
8.1043 -15.409 10.032
6.728 -15.549 10.562
7.5626 -15.487 10.422
7.7802 -15.425 10.433
6.7031 -15.629 10.773
7.2461 -15.258 11.118
7.3648 -15.357 11.071
6.7427 -15.154 11.158
6.7434 -15.145 11.193
8.2427 -13.614 10.895
8.2333 -13.435 11.196
8.0713 -13.222 10.897
8.0722 -13.219 10.9
8.2076 -13.223 11.088
8.2282 -13.203 11.155
8.2285 -13.156 11.23
6.3252 -15.647 11.55
6.4917 -15.374 11.374
8.2374 -13.452 11.439
8.2373 -13.436 11.467
8.2204 -13.122 11.258
8.2374 -13.177 11.435
8.2263 -12.951 11.75
8.1968 -12.731 11.723
6.8704 -15.457 11.999
7.3625 -15.467 11.945
6.7084 -15.185 12.24
7.244 -14.452 12.238
7.3421 -14.385 12.137
7.5035 -14.356 12.135
8.1161 -13.418 12.024
8.1173 -13.397 12.051
8.2263 -12.951 11.75
8.2303 -12.87 12.099
8.1823 -12.726 11.771
8.1861 -12.712 11.791
8.2098 -12.685 11.771
3.3739 -15.225 12.638
3.8065 -14.655 12.303
3.2909 -15.119 12.793
3.5563 -14.053 13.661
2.4366 -15.361 14.382
6.7475 -15.513 12.52
6.7701 -15.516 12.514
6.6819 -15.21 12.267
6.7311 -14.742 12.745
6.7394 -14.712 12.736
7.0121 -14.576 12.473
7.2454 -14.397 12.47
7.3072 -14.375 12.411
7.4362 -14.091 12.725
7.2281 -13.183 12.694
7.2358 -13.167 12.711
7.9887 -13.132 12.51
8.1268 -12.964 12.369
8.1143 -12.761 12.633
7.646 -12.726 12.33
7.6463 -12.726 12.33
8.2332 -12.608 12.395
8.2305 -12.4 12.633
7.6671 -12.244 12.748
7.7313 -12.164 12.735
6.3149 -15.521 13.135
6.8333 -15.477 13.079
6.3171 -15.223 13.131
6.6471 -14.843 12.828
6.71 -14.741 12.765
6.6855 -14.713 12.789
7.0559 -14.267 12.924
7.2477 -13.961 13.086
7.2754 -13.949 13.056
7.6727 -13.472 13.078
7.8834 -13.157 12.873
7.8556 -13.032 13.04
8.0172 -12.766 12.854
7.9881 -12.632 13.006
8.1298 -12.467 12.861
8.1121 -12.247 13.168
8.235 -12.123 12.973
8.2356 -11.995 13.131
5.5339 -15.716 13.375
5.6644 -15.507 13.299
5.6119 -15.556 13.687
6.2295 -15.472 13.611
6.3627 -15.485 13.494
6.4078 -15.613 13.738
6.7406 -14.077 13.728
6.9319 -13.947 13.534
7.2361 -13.492 13.615
7.4459 -13.341 13.403
7.6443 -12.923 13.635
8.0611 -12.249 13.299
8.0545 -12.119 13.441
8.1178 -12.04 13.376
5.4166 -15.554 13.855
5.9085 -15.515 14.051
6.3759 -15.415 14.058
6.6395 -15.46 14.17
5.8765 -15.221 14.063
6.0358 -15.034 13.932
6.2238 -14.457 14.249
6.5013 -14.234 13.971
6.6797 -13.759 14.211
6.6918 -13.737 14.211
6.7476 -13.676 14.186
6.7974 -13.64 14.138
7.2074 -13.102 14.117
7.4878 -12.842 13.846
5.6646 -15.474 14.626
5.7161 -14.865 14.734
6.1737 -14.486 14.299
6.233 -14.047 14.691
6.6285 -13.748 14.302
6.7121 -13.522 14.579
7.0371 -13.233 14.295
7.6372 -12.197 14.736
7.684 -12.126 14.679
5.3945 -15.275 14.974
5.3932 -15.243 14.975
5.3769 -15.077 15.178
5.7232 -14.447 15.171
5.9371 -14.229 14.965
6.1117 -13.748 15.25
6.4376 -13.693 14.856
4.6294 -15.743 15.295
4.7101 -15.542 15.278
4.5344 -15.696 15.619
5.6256 -14.526 15.334
5.636 -14.307 15.337
5.7087 -14.168 15.289
6.1112 -13.749 15.25
5.3802 -0.28682 1.153
5.5387 -1.8985 2.9425
5.4754 -1.6914 2.8334
2.3941 -0.10983 4.4862
11.335 -4.402 1.2322
11.34 -4.3653 1.3067
11.342 -4.2973 1.3554
11.399 -3.7743 2.1172
11.399 -3.7623 2.1284
11.932 -0.64217 1.3975
11.403 -3.7285 2.1547
11.413 -3.6831 2.1936
11.416 -3.5799 2.398
11.418 -3.3473 2.6727
11.409 -3.2009 2.8246
14.248 0.007708 2.6916
14.426 -0.010834 2.7354
14.247 0.0074134 2.7852
14.43 -0.011324 2.7582
14.51 -0.018368 3.1752
14.402 -0.010456 3.8265
14.397 -0.0088182 3.9112
14.612 -0.0050216 3.9408
14.506 -0.016314 4.1412
14.529 -0.015491 4.1349
14.719 0.00098819 4.1924
14.888 -0.0088049 4.221
14.174 -0.012388 4.6509
14.628 -0.0083074 4.3414
14.549 -0.017685 4.7142
14.972 -0.016598 4.2684
15.45 -0.014563 4.7029
16.159 -0.0072891 4.7184
14.18 -0.011523 4.8205
14.212 -0.0052943 5.2041
14.529 -0.020221 4.7915
14.39 -0.011218 5.2317
15.313 -0.0052454 4.7586
16.22 -0.0025035 4.7599
13.482 -0.0070534 5.747
13.492 -0.014352 5.888
13.608 -0.018015 6.0733
13.642 -0.016135 6.2336
13.197 0.0031801 6.7298
13.724 -0.0051537 6.5153
13.088 -0.018115 7.1445
12.719 0.014835 7.9272
12.718 0.0061663 7.9991
10.737 -7.7002 10.711
10.737 -7.691 10.712
10.887 -7.7062 10.534
10.854 -7.6246 10.58
11.042 -7.6395 10.731
10.216 -7.6898 11.208
10.691 -7.7339 10.787
10.693 -7.7078 10.786
10.665 -7.6372 11.122
11.006 -7.6471 10.781
10.167 -7.7295 11.301
10.225 -7.6036 11.746
10.534 -7.7474 11.378
10.636 -7.3944 11.603
10.215 -7.6789 11.764
10.221 -7.6807 12.099
10.226 -7.6194 12.127
10.496 -7.511 11.879
10.619 -7.5506 12.175
12.214 -0.0039246 8.9891
12.199 -0.0087401 9.0281
11.96 -0.042333 9.6499
12.129 -0.014338 9.388
12.244 -2.4844 9.9046
12.244 -1.8757 10.044
11.722 -0.027993 9.774
11.698 -0.030485 10.063
11.241 -0.044155 10.715
11.689 -0.015915 10.464
11.368 -0.061366 10.693
12.242 -0.010887 10.35
11.734 -2.2881 11.138
11.952 -2.26 10.911
11.736 -2.1532 11.142
11.728 -1.7716 11.24
11.942 -2.2184 10.916
11.728 -1.7489 11.246
11.219 -0.037908 11.055
11.737 -0.017879 11.171
11.794 -0.015427 11.056
11.657 -2.2979 11.326
11.595 -2.4414 11.581
11.629 -1.7829 11.58
11.719 -1.7469 11.259
11.198 0.030331 11.301
11.997 -0.017488 11.428
11.986 -0.01749 11.684
11.476 -2.5568 11.898
11.553 -2.638 12.203
11.534 -1.8209 11.903
11.563 -1.9371 12.116
10.983 -0.073937 11.795
11.029 -0.093249 12.046
11.099 -0.07148 12.12
11.392 0.0018403 12.22
11.996 -0.020949 11.887
12.048 -0.021908 11.939
12.287 -2.4818 9.8783
12.329 -1.8662 9.948
12.346 -0.01114 10.143
8.1689 -11.73 12.771
8.1824 -11.693 12.802
8.2214 -10.685 13.11
8.0954 -11.748 13.746
8.238 -11.608 13.554
8.2382 -11.552 13.617
8.1752 -11.235 13.263
8.187 -11.189 13.301
8.1593 -10.728 13.273
8.1592 -10.687 13.318
8.2051 -10.479 13.265
8.1883 -10.728 13.716
8.0924 -11.748 13.753
8.0959 -11.603 13.898
8.1028 -11.594 13.891
8.1823 -10.593 13.77
8.2058 -10.125 14.176
8.2169 -9.491 14.249
8.1592 -10.066 14.295
8.0993 -9.7281 14.364
8.1072 -9.7094 14.371
8.2158 -9.4911 14.251
8.1919 -9.7017 14.607
8.2019 -9.6871 14.607
8.2081 -9.5616 14.696
8.2148 -8.9904 14.738
8.2186 -8.7359 14.735
8.2343 -8.7078 14.723
8.2343 -8.7071 14.724
8.1625 -10.212 15.249
8.1574 -9.4884 14.795
8.0888 -9.2328 14.864
8.0982 -9.1998 14.883
8.2003 -8.9987 14.767
8.1809 -9.2064 15.072
8.2073 -9.1756 15.078
8.2049 -8.9671 15.202
8.2013 -8.7353 14.77
8.2052 -8.7098 14.78
8.2091 -8.697 14.776
8.2052 -8.7108 15.073
8.2098 -8.6956 15.068
8.218 -8.5644 15.174
8.1958 -8.2452 15.172
8.2365 -8.1719 15.181
8.1741 -8.8992 15.278
8.2095 -9.1113 15.542
8.2171 -9 15.675
8.1429 -8.7355 15.306
8.3798 -15.354 8.476
8.9122 -15.373 8.4642
9.3486 -15.466 8.4438
9.6123 -15.5 8.439
8.7184 -13.989 8.2534
8.5641 -15.439 8.9097
9.6248 -15.446 8.8989
9.1942 -12.244 9.0473
9.2425 -12.188 8.97
8.8483 -15.522 9.4593
9.3647 -15.536 9.4623
10.842 -15.703 9.5141
8.7285 -13.202 9.7447
8.5719 -15.413 9.9866
9.4002 -15.442 9.9679
9.852 -15.505 9.9537
10.225 -15.495 9.9526
10.598 -15.569 9.9584
8.7227 -13.195 9.7527
8.6798 -12.246 10.219
8.7417 -12.167 10.173
9.2145 -12.237 9.9063
9.2289 -12.197 9.8108
8.6633 -15.491 10.442
9.4924 -15.544 10.453
9.5856 -15.572 10.465
10.069 -15.672 10.496
8.25 -13.872 10.531
8.2885 -13.733 10.553
8.3014 -13.599 10.676
8.6676 -12.731 10.285
8.6244 -12.67 10.334
9.1003 -12.285 10.38
9.086 -12.243 10.491
8.8737 -15.516 10.935
10.085 -15.545 10.953
10.625 -15.645 10.975
9.0367 -12.537 11.226
9.0473 -12.484 11.21
8.5721 -12.219 10.969
8.736 -12.15 11.13
9.1609 -11.786 10.855
9.2873 -15.691 11.522
9.9159 -15.641 11.527
10.394 -15.715 11.524
9.1667 -15.579 11.963
9.9988 -15.588 11.939
10.109 -15.638 11.963
8.2756 -12.703 12.089
8.2705 -12.615 12.178
15.469 -14.445 10.387
15.835 -14.498 10.445
15.938 -14.52 11.052
16.009 -14.526 11.062
9.2322 -11.741 9.2488
9.2309 -11.743 9.2506
10.054 -11.102 9.611
10.248 -10.504 9.5896
10.28 -10.479 9.5573
9.6047 -11.651 9.8885
9.7398 -11.403 9.9901
9.9336 -11.237 9.8288
9.9646 -10.831 9.9538
10.015 -10.745 9.9358
10.2 -10.15 10.093
9.4181 -11.466 10.556
9.7358 -10.917 10.527
9.906 -10.692 10.422
9.9813 -10.334 10.417
10.037 -10.247 10.387
9.7085 -9.7283 10.738
10.14 -9.7437 10.62
9.1638 -11.587 10.816
9.3837 -11.032 11.083
9.7335 -10.432 11.028
10.024 -9.7918 10.867
9.6905 -9.7411 10.758
10.167 -9.4024 11.11
9.694 -9.2433 11.249
10.674 -7.8446 10.878
8.7148 -11.539 11.748
9.1632 -11.273 11.304
9.1603 -11.095 11.317
9.2115 -10.755 11.731
9.2159 -10.745 11.733
9.3203 -10.635 11.641
9.7338 -9.9663 11.5
10.001 -9.4715 11.382
10.128 -9.5036 11.617
9.693 -9.2442 11.251
10.548 -7.7862 11.32
10.557 -7.8598 11.595
10.533 -7.9527 11.598
8.7125 -11.536 11.752
8.7105 -11.037 12.246
9.1822 -10.774 11.779
9.15 -10.622 11.827
9.2113 -10.3 12.231
9.2403 -10.165 12.218
9.3399 -10.181 12.124
9.7057 -9.5546 12.067
10.04 -9.3068 11.797
10.11 -9.1628 12.2
9.2294 -8.7309 12.245
10.137 -8.691 12.198
10.219 -7.8018 12.035
8.2857 -12.216 12.616
8.3085 -12.179 12.718
9.4553 -15.738 14.891
11.699 -15.63 14.965
11.93 -15.613 15.021
15.962 -14.467 13.398
16.097 -14.482 13.416
13.348 -12.385 14.059
12.75 -11.766 14.002
8.7067 -11.03 12.253
8.7056 -10.491 12.748
9.1794 -10.314 12.279
9.1404 -10.117 12.334
9.2181 -9.9015 12.694
10.3 -9.9103 12.653
10.395 -9.9478 12.712
9.2106 -9.5019 12.749
9.3668 -9.7191 12.582
9.6505 -9.2025 12.707
10.011 -8.9521 12.362
10.128 -9.1084 12.663
10.133 -8.8563 12.644
9.2227 -8.7361 12.256
10.054 -8.5931 12.367
10.733 -8.6648 12.624
10.767 -8.6467 12.578
9.2225 -8.2442 12.709
9.232 -8.216 12.733
9.2308 -8.2154 12.738
9.9445 -8.2299 12.509
9.9235 -8.2269 12.592
8.3171 -11.711 13.097
8.3276 -11.59 13.124
8.704 -10.487 12.751
9.1329 -10.44 13.144
8.7012 -9.9395 13.243
9.1333 -9.8927 12.824
10.231 -9.8972 13.148
10.273 -9.9202 13.053
9.2046 -9.5031 12.755
9.2117 -9.6533 13.162
9.2382 -9.6127 13.136
10.156 -9.7202 12.758
10.13 -9.5304 12.779
9.3552 -9.1997 13.089
10.089 -9.1638 13.249
10.14 -9.0429 13.204
10.726 -8.9355 13.026
10.645 -8.7478 12.795
9.2149 -8.2312 12.763
9.23 -8.1278 13.145
9.6811 -8.2186 12.781
10.69 -7.9432 13.117
11.096 -8.085 13.215
8.3467 -11.21 13.562
8.3593 -11.051 13.587
9.0565 -11.184 13.368
9.0541 -11.153 13.371
9.0669 -10.7 13.268
9.6366 -10.315 13.649
8.6933 -9.9246 13.255
9.6003 -10.195 13.332
9.5917 -10.13 13.334
9.6227 -10.19 13.707
9.5935 -9.8223 13.734
10.199 -9.8485 13.26
10.364 -9.993 13.348
9.1182 -9.7467 13.263
9.1068 -9.4443 13.347
9.4552 -9.6699 13.447
9.4527 -9.6059 13.451
9.5928 -9.6898 13.714
9.205 -8.8355 13.676
10.524 -9.1151 13.464
10.546 -9.128 13.485
11.307 -8.2639 13.526
9.1787 -8.2369 13.269
9.1885 -8.238 13.748
9.227 -8.1646 13.72
9.5164 -8.2268 13.423
9.5013 -8.2224 13.542
9.6623 -7.8267 13.383
10.146 -7.7994 13.621
10.635 -7.9858 13.533
11.174 -8.1562 13.377
8.3781 -10.706 14.014
8.3907 -10.505 14.045
9.1318 -10.732 13.787
9.0427 -10.585 13.901
9.163 -10.279 14.098
9.527 -10.296 13.818
9.1937 -10.153 14.109
9.2157 -10.093 14.099
9.3993 -10.123 13.961
9.4276 -10.04 13.928
12.171 -9.545 13.892
9.0915 -9.2343 13.811
9.5237 -9.0131 13.899
9.6172 -9.0741 14.101
8.6927 -8.7213 14.235
8.7106 -8.2385 13.991
8.7383 -8.1624 14.156
9.1919 -8.2319 13.771
9.1886 -8.232 13.847
8.6605 -8.7335 14.282
8.6162 -8.2389 14.679
8.7222 -8.1198 14.642
8.7074 -7.9857 14.723
9.1981 -7.8938 14.277
9.0846 -8.1969 14.734
8.6965 -7.9604 14.991
12.724 -11.745 13.998
5.8565 -0.08832 10.157
5.6568 -0.078335 10.547
5.5358 -0.077399 10.809
17.551 -0.015748 4.3413
17.939 -0.013388 4.675
18.234 -0.0013426 4.741
18.264 -0.0010513 4.7441
16.317 -0.0047255 4.7692
16.736 -0.0010933 4.7571
16.769 -0.0012588 4.7576
17.167 -0.0067376 4.7913
17.357 -0.00755 4.7935
17.674 -0.0062743 4.7947
17.825 -0.0055472 4.7851
18.23 -0.0017764 4.7639
18.266 -0.0012687 4.7584
19.204 -0.0055602 5.1774
19.398 -0.017341 5.0019
19.684 -0.011434 4.9809
18.024 -0.019037 5.6384
18.886 -0.012138 5.3243
18.096 -0.013685 5.8623
18.979 -0.021991 6.0965
19.135 -0.013885 6.1293
19.353 -0.012221 6.1485
19.709 -0.0067601 6.1781
10.067 -7.7238 12.404
10.187 -7.4921 12.576
10.542 -7.5384 12.323
9.9701 -7.5619 12.932
10.196 -7.6399 13.172
10.063 -7.6867 13.362
9.73 -4.2323 13.746
9.7313 -4.2297 13.744
9.1943 -7.1652 14.709
9.1965 -7.1317 14.705
9.2349 -4.2452 14.739
9.2426 -4.2345 14.718
8.6903 -7.1795 15.204
9.1515 -7.2083 14.781
9.1482 -7.1398 14.787
8.626 -7.207 15.338
11.148 -2.6717 12.653
11.168 -2.641 12.649
11.204 -2.5284 12.644
11.506 -2.6591 12.305
11.176 -1.7881 12.575
11.522 -1.7942 12.27
10.716 -0.02378 12.497
11.229 -0.0051935 12.489
11.091 -2.469 12.834
11.1 -2.4715 13.232
10.712 -2.2148 12.752
10.712 -2.2146 12.752
10.972 -2.2081 12.978
11.122 -1.8833 13.224
10.242 -0.03817 13.174
11.616 -0.017746 12.968
11.558 -0.018745 13.122
10.716 -2.3173 13.514
11.093 -2.4842 13.264
11.126 -2.6832 13.681
10.717 -1.9648 13.649
11.102 -1.8937 13.28
11.13 -1.8892 13.578
11.724 -1.9532 13.606
11.797 -1.9629 13.565
11.896 -1.9724 13.734
10.224 -0.013641 13.519
10.744 0.002443 13.285
11.133 -0.013468 13.626
11.136 -0.01306 13.634
11.704 -0.0029503 13.73
11.815 -0.0050637 13.702
10.57 -2.4673 13.894
11.011 -2.7243 13.893
11.576 -2.6252 13.86
11.833 -2.6481 14.018
10.671 -1.9378 13.795
11.047 -1.8785 13.857
10.943 -1.9737 14.188
11.633 -1.9421 13.787
9.7737 -0.015145 14.209
10.721 -0.0088914 13.819
10.273 -0.0012961 14.248
10.723 -2.8752 14.412
10.201 -2.6546 14.682
10.244 -0.0015044 14.256
10.197 0.00074191 14.74
9.6889 -3.7199 14.777
9.6911 -3.7062 14.778
10.154 -2.6141 14.796
9.5538 -0.015177 15.207
10.196 0.00095718 14.754
9.9623 -0.0032825 15.24
10.348 -3.4567 15.592
10.421 -3.4957 15.648
10.222 -2.9513 15.581
10.589 -2.6053 15.736
9.3501 0.0038366 15.252
9.5065 -0.015264 15.288
9.7005 0.0021231 15.729
13.147 -2.0338 14.373
15.986 -2.5702 14.864
16.215 -2.5342 14.854
17.244 -14.867 2.1776
17.267 -14.864 2.1795
17.324 -14.858 2.1864
17.202 -13.995 2.374
17.626 -14.816 2.9271
17.703 -14.815 2.9154
17.793 -14.817 2.9162
17.004 -14.09 2.9525
16.388 -15.443 3.7117
18.041 -14.025 3.704
16.342 -15.484 3.7826
17.449 -14.074 3.8567
17.715 -14.06 3.8547
17.775 -14.056 3.8507
19.678 -14.846 4.5199
17.288 -14.172 4.6329
18.631 -14.996 4.8548
17.148 -14.916 5.5273
18.07 -15.711 6.0945
18.491 -15.611 6.0472
19.733 -15.084 5.9759
18.215 -14.888 6.5359
19.231 -0.0018897 2.2471
19.568 -0.020109 2.1972
19.577 -0.019122 2.1963
19.225 -0.0024107 2.2526
17.659 -0.0067412 3.2215
17.594 -0.011595 3.2958
17.659 -0.0074195 4.2098
19.365 -0.014191 3.9573
16.611 -14.607 10.849
16.734 -14.627 10.862
17.347 -14.695 11.422
18.869 -14.805 11.932
19.286 -14.824 11.835
17.473 -14.719 12.401
18.268 -14.797 13.079
16.379 -14.511 13.136
17.228 -14.659 13.101
18.784 -14.793 13.943
19.256 -14.916 15.241
19.328 -13.484 15.734
19.357 -0.01471 9.1265
19.277 -0.0037215 9.3382
19.731 -0.0035379 10.235
19.731 -0.0032857 10.267
19.718 -0.0066622 11.175
19.63 -0.02087 11.295
19.657 -0.015061 12.213
19.644 -2.4202 14.246
19.618 -2.4185 14.254
19.677 -2.1665 14.261
18.807 -3.5459 15.092
19.021 -3.5358 15.126
19.193 -3.4978 15.143
19.024 -2.5001 15.086
-5.5039 1.3678 0.98793
-5.4663 1.4415 1.0591
-5.0819 1.1444 1.4789
-0.026701 4.2645 0.58523
5.0768 0.52602 0.39798
5.6254 0.47197 0.57769
5.708 0.49138 0.61079
5.7987 0.4554 0.61965
3.886 5.4547 4.2462
8.2345 15.434 8.0711
11.178 12.211 3.5609
11.231 11.855 4.1122
11.192 11.927 4.1135
11.325 3.7752 2.7015
11.674 1.2975 2.8655
11.326 3.6746 2.8055
8.6316 0.74283 8.6563
8.6294 0.76044 8.6595
11.97 2.1107 10.93
11.728 2.4021 11.248
11.984 2.2993 10.93
11.658 1.9367 11.576
11.719 2.4115 11.259
11.606 2.4507 11.566
11.533 2.1664 11.91
11.547 1.9603 12.176
11.543 2.3181 11.886
11.553 2.6559 12.166
11.024 7.7491 10.835
10.697 7.8524 11.178
11.024 7.7505 10.835
10.722 7.6952 11.274
10.723 7.6886 11.284
10.697 7.6629 11.364
10.657 7.9976 11.301
10.547 7.8772 11.742
10.581 7.6362 11.839
10.569 7.6528 11.862
10.579 7.9096 12.005
10.559 8.1888 11.844
11.169 2.0493 12.735
11.535 1.8748 12.28
11.543 2.6707 12.269
11.149 2.0422 12.772
11.132 1.8802 13.699
11.853 1.9759 13.608
11.128 2.6806 13.696
11.713 2.5653 13.64
11.787 2.5353 13.521
10.874 1.9843 14.103
10.917 1.97 14.179
11.889 1.9682 13.776
10.7 2.4738 13.753
10.56 2.645 13.899
11.003 2.6416 13.915
11.012 2.6824 14.214
11.618 2.6175 13.814
11.849 2.6243 14.054
10.738 2.7424 14.504
10.862 2.7088 14.399
10.233 2.0864 15.545
10.4 3.0505 15.544
10.382 3.5795 15.556
10.428 3.5773 15.598
10.124 4.068 15.689
14.444 2.1121 14.575
13.169 2.6497 14.387
13.561 2.6431 14.451
15.459 2.1587 14.804
15.751 2.1674 14.841
15.33 2.6053 14.779
15.899 2.5782 14.856
16.163 2.5714 14.877
10.176 7.7694 12.543
10.094 7.8314 12.741
10.656 7.9562 13.011
10.62 7.9566 13.088
10.971 8.0466 13.105
10.161 7.7685 13.644
10.595 7.9579 13.537
10.592 7.9573 13.546
11.198 8.2335 13.631
10.099 7.7791 13.812
10.151 7.8593 13.903
9.1891 7.9289 14.486
9.1705 7.7605 14.748
9.5895 4.2649 15.739
9.0658 8.0297 15.564
9.2038 8.1486 15.543
10.72 13.697 0.6437
11.033 13.335 0.25226
11.026 13.429 0.36393
11.004 13.591 0.57344
10.212 14.623 0.42492
10.472 14.459 0.39453
10.429 14.629 0.41904
10.716 13.678 0.99531
9.98 15.211 1.1428
9.884 15.503 1.0744
10.702 13.666 1.4106
10.041 15.023 1.3106
9.9858 15.216 1.4399
9.7304 15.325 1.575
9.7117 15.373 1.6457
9.6521 15.61 1.675
9.9691 15.639 2.001
10.789 15.425 2.123
11.792 15.351 2.1288
10.737 13.503 2.4433
10.635 13.664 2.445
11.06 13.358 2.5265
11.003 13.565 2.5435
10.58 13.799 2.2988
10.597 13.807 2.4586
9.6912 15.314 2.4676
9.6641 15.323 2.7035
10.191 15.26 2.2588
10.353 15.369 2.7432
11.227 12.401 2.8534
11.116 12.576 3.0427
11.621 12.61 2.8686
11.623 12.582 2.8881
10.707 13.545 2.7628
10.611 13.644 2.9837
10.558 13.819 2.7561
10.613 13.924 2.8696
10.566 13.895 3.1632
9.6183 15.336 2.8643
10.2 15.37 2.7991
10.489 15.363 2.971
10.584 15.342 3.156
11.189 15.498 2.8064
11.304 15.502 2.7837
11.424 15.407 3.0325
12.064 15.549 2.8148
11.142 12.506 3.2849
10.68 13.205 3.6353
10.632 13.595 3.2707
11.162 13.635 3.3184
11.148 13.599 3.4279
10.625 13.95 3.3545
10.596 13.973 3.5809
11.469 13.858 3.7408
10.735 13.006 3.9228
10.647 13.15 3.9426
10.573 13.702 3.8781
10.569 13.604 3.9928
11.15 13.918 3.8705
9.71 15.145 3.7663
9.6544 15.155 3.9219
10.06 15.233 3.9384
10.045 15.231 4.0663
12.589 15.301 2.1476
12.83 15.293 2.129
13.713 15.001 2.2566
14.064 14.964 2.3009
16.072 14.881 2.3098
16.137 14.892 2.2662
12.52 15.55 2.7353
13.582 15.553 2.7245
14.633 15.535 2.7209
15.683 15.483 2.7228
15.907 15.389 2.6353
13.596 15.396 3.0327
13.817 15.383 3.0212
14.574 15.408 2.9633
14.822 15.39 2.9493
15.678 15.393 2.8967
15.779 15.385 2.8906
15.511 15.489 3.7441
15.456 14.143 3.9342
16.083 14.143 3.9117
16.089 14.142 3.9113
13.91 15.472 4.0346
14.256 15.455 3.9161
14.897 15.465 4.0559
15.252 15.446 4.0305
16.096 15.491 3.8051
11.188 11.723 4.6131
11.141 11.809 4.6331
11.228 11.296 5.192
11.209 11.354 5.1661
11.207 10.854 6.047
11.137 11.022 6.0532
11.22 10.626 6.2745
11.17 10.412 6.6476
10.538 11.579 7.0868
10.707 10.938 7.4314
10.905 12.211 7.457
10.196 12.132 7.8276
10.141 12.238 7.7837
10.722 12.015 7.8504
10.498 12.231 7.9912
10.923 11.802 7.8895
10.705 13.021 4.2835
10.607 13.045 4.5642
10.681 13.874 4.5429
10.632 13.86 4.6896
10.985 13.855 4.2732
11.054 13.976 4.5209
11.053 13.977 4.524
9.6685 15.198 4.2738
9.6243 15.211 4.3807
10.009 15.201 4.5325
10.027 15.208 4.5805
10.135 14.005 4.9527
10.124 14.015 5.0016
10.637 13.928 4.8121
10.511 14.017 5.188
9.6313 15.145 4.8495
9.6246 15.148 4.8607
9.2027 15.268 5.1254
9.9135 15.261 5.0109
9.9049 15.275 5.1143
9.8699 15.287 5.2427
10.7 12.424 5.4552
10.63 12.492 5.5807
10.209 13.553 5.3253
10.124 13.618 5.4686
10.538 13.946 5.349
9.1631 15.259 5.2893
9.6733 15.257 5.3509
10.243 14.022 5.7848
10.292 14.001 5.7571
9.2263 15.116 5.7923
9.1255 15.189 5.9122
10.18 12.951 6.5146
10.15 12.938 6.5916
10.209 12.589 6.7774
10.217 12.553 6.7919
10.153 12.4 7.5782
10.13 12.424 7.6009
10.685 12.376 7.4591
10.196 13.191 7.5401
10.505 12.775 7.4704
10.505 12.775 7.4704
10.365 13.097 7.5201
9.653 13.561 7.4294
9.6438 13.573 7.4361
8.5932 15.476 7.5328
10.48 12.493 7.9483
10.4 12.695 7.9033
10.226 12.866 7.8962
9.9533 13.45 7.8222
9.95 13.556 7.7998
9.8103 13.745 7.8988
9.7397 13.776 7.9286
8.8246 15.345 8.0346
15.549 15.44 4.8838
6.2534 5.9715 15.407
11.865 15.564 14.989
12.069 15.608 15.019
16.226 14.487 13.402
13.555 12.505 14.071
7.999 15.458 8.4487
7.6499 15.347 9.4711
8.2492 14.595 10.414
4.874 14.449 10.928
7.7508 15.457 11.112
4.276 15.006 11.475
6.6933 15.447 11.366
6.6516 15.515 11.52
7.5262 15.597 11.6
8.1956 12.596 12.248
8.2112 12.698 12.159
7.0963 15.576 12.052
8.2076 12.136 12.704
8.2403 12.06 13.524
8.2361 12.019 13.618
8.1824 12.029 14.08
4.2232 14.431 12.334
3.8253 14.983 12.495
4.0443 14.045 13.312
3.2683 15.097 13.467
8.195 12.492 12.369
7.4725 14.49 12.277
7.5176 14.408 12.395
8.0734 13.709 12.982
7.4463 14.126 13.009
7.4647 14.024 13.103
7.2331 14.357 12.958
7.3558 14.343 12.831
7.0926 14.24 13.386
6.6477 15.644 13.581
5.561 15.313 15.136
6.5595 12.425 15.741
6.5257 12.841 15.359
6.5372 13.291 15.309
5.6899 14.661 15.279
5.4924 14.938 15.299
5.5257 15.166 15.262
9.8833 11.829 9.8768
10.096 11.053 10.322
10.103 9.3139 12.158
9.2411 13.824 8.664
9.234 13.825 8.6829
9.2408 13.894 8.6825
9.2969 13.766 8.6663
8.6679 15.392 9.0413
9.6146 12.36 9.8525
9.6 15.388 10.096
10.022 15.476 10.07
8.2779 14.53 10.432
8.3679 14.027 10.783
8.4341 13.99 10.976
8.4005 13.881 11.2
8.822 15.499 11.07
10.05 15.554 11.054
8.3381 13.033 12.229
8.3823 13.236 12.134
8.2985 13.435 12.079
8.3047 13.575 11.978
16.155 14.535 11.036
10.912 8.6283 12.68
10.919 8.6668 12.716
10.103 9.1859 12.291
9.6683 8.3383 13.203
10.685 9.0647 13.213
10.881 8.8282 12.8
10.436 9.9463 12.83
10.496 9.9542 12.961
8.3423 12.221 13.05
8.3621 12.182 13.222
9.6482 8.2525 13.308
11.443 8.4366 13.611
10.669 9.1273 13.442
10.674 9.1341 13.464
9.5893 9.8384 13.693
10.451 9.8252 13.461
10.456 9.8163 13.484
9.624 10.267 13.696
9.6011 10.295 13.744
9.6344 9.1449 14.14
9.6025 9.6557 13.783
12.115 9.5191 13.885
9.1939 10.208 14.182
12.729 11.748 13.999
12.754 11.769 14.002
19.625 2.4392 14.254
18.914 3.6669 15.099
19.58 3.8797 15.254
17.046 14.972 2.1769
17.124 14.983 2.1686
17.908 15.058 2.1124
18.149 15.094 2.0864
18.707 15.03 2.1143
17.302 13.95 2.3852
17.842 14.813 2.5151
17.938 14.809 2.5361
18.047 14.814 2.5245
16.95 14.165 2.9436
16.538 15.494 3.7484
17.113 14.092 3.8717
17.142 14.091 3.871
17.401 14.083 3.868
16.489 15.487 3.7929
17.127 15.439 3.7874
16.549 14.191 4.7064
17.998 14.875 4.7027
18.484 14.898 4.8988
16.992 15.511 5.1179
17.524 15.347 5.061
18.2 15.128 5.5345
17.645 14.903 6.015
18.62 14.867 6.9602
-1.1261 -0.045639 -3.7376
-0.83641 0.036319 -3.6662
-0.67387 0.063915 -3.6635
-0.75 -0.75 -2.25
-0.25 -0.75 -2.25
-0.25 -0.25 -2.25
-1.6614 -0.24502 -2.3381
-0.75 -0.25 -2.25
0.25 -0.25 -2.25
-0.25 -1.75 -1.75
-1.25 -1.25 -1.75
-0.75 -1.25 -1.75
-0.25 -1.25 -1.75
-1.75 -0.25 -1.75
-1.6546 -0.50877 -2.1915
-1.25 -0.75 -1.75
-1.25 -0.25 -1.75
-1.25 -1.75 -1.25
-0.25 -1.75 -1.25
-1.75 -1.25 -1.25
-1.75 -0.25 -1.25
-0.75 -2.25 -0.75
-0.25 -2.25 -0.75
-2.1342 -1.9481 -0.77862
-2.4075 -1.7387 -0.80581
-2.5217 -1.5925 -0.80456
-2.25 -0.75 -0.75
-2.25 -0.25 -0.75
-1.3811 -2.6841 -0.68147
-1.1022 -2.7379 -0.7007
-0.25 -2.25 -0.25
-1.75 -1.75 -0.25
-1.25 -1.75 -0.75
-2.1154 -1.651 -0.74877
-1.75 -1.25 -0.75
-2.25 -0.25 -0.25
-0.75 -2.25 -0.25
0.25 -2.25 -0.25
-1.25 -1.75 -0.25
-1.75 -1.25 -0.25
-2.25 -0.75 -0.25
-2.25 0.25 -0.25
0.63525 0.20997 -3.6719
0.78028 0.20484 -3.6687
0.84526 0.20162 -3.6728
2.7221 -0.99965 -2.8472
0.72202 -1.5111 -2.2592
0.95237 -1.4965 -2.3087
0.25 -0.75 -2.25
0.75 -0.75 -2.25
0.75 -0.25 -2.25
0.75 0.25 -2.25
0.25 -1.75 -1.75
0.75 -1.25 -1.75
1.25 -1.25 -1.75
1.25 -0.75 -1.75
1.8591 -0.69892 -2.2228
1.75 -0.25 -1.75
2.7266 -0.27886 -2.1407
4.2424 -0.38103 -1.8248
1.25 -0.25 -1.75
1.75 0.25 -1.75
0.25 -1.75 -1.25
0.75 -1.75 -1.25
1.25 -1.75 -1.25
1.75 -1.25 -1.25
1.75 -0.75 -1.25
1.75 -0.25 -1.25
4.2124 -0.30571 -1.6114
1.75 0.25 -1.25
2.4616 -0.11592 -1.2546
0.25 -2.25 -0.75
0.75 -2.25 -0.75
1.25 -1.75 -0.75
1.75 -1.25 -0.75
2.25 -0.75 -0.75
2.25 -0.25 -0.75
2.25 0.25 -0.75
0.75 -2.25 -0.25
1.25 -1.75 -0.25
1.75 -1.75 -0.25
1.75 -1.25 -0.25
2.25 -0.75 -0.25
2.25 -0.25 -0.25
2.25 0.25 -0.25
0.75 -2.25 0.25
1.75 -1.75 0.25
1.75 -1.25 0.25
2.25 -0.75 0.25
2.25 -0.25 0.25
2.25 0.25 0.25
16.694 14.615 11.011
18.499 14.792 11.096
17.323 14.692 11.477
18.092 14.772 11.442
19.085 14.818 11.521
19.5 14.837 11.573
17.239 14.682 12.092
17.261 14.686 12.09
17.672 14.755 12.064
17.776 14.759 12.073
18.249 14.773 12.102
17.554 14.733 12.421
17.659 14.753 12.421
18.016 14.768 12.436
18.073 14.773 12.437
19.477 14.853 12.514
19.489 14.854 12.519
17.389 14.679 13.447
18.196 14.781 13.457
18.59 14.802 14.539
19.323 13.498 15.743
17.34 14.921 15.346
17.477 14.951 15.347
18.581 15.551 15.498
-0.75 0.25 -2.25
-0.25 0.25 -2.25
-0.25 0.75 -2.25
-0.75 0.75 -2.25
0.25 0.75 -2.25
-1.75 0.25 -1.75
-1.25 0.75 -1.75
-1.25 1.25 -1.75
-0.75 1.25 -1.75
-0.25 1.25 -1.75
-0.25 1.75 -1.75
0.25 1.75 -1.75
-1.75 0.25 -1.25
-1.75 0.75 -1.25
-1.75 1.25 -1.25
-1.25 1.75 -1.25
-0.75 1.75 -1.25
-0.25 1.75 -1.25
0.25 1.75 -1.25
-2.25 0.25 -0.75
-2.25 0.75 -0.75
-1.75 1.25 -0.75
-1.25 1.75 -0.75
-0.75 2.25 -0.75
-0.25 2.25 -0.75
0.25 2.25 -0.75
-2.25 0.75 -0.25
-2.8368 1.4834 -0.33883
-1.75 1.25 -0.25
-2.6336 1.7963 -0.45452
-1.75 1.75 -0.25
-2.2016 2.1579 -0.48651
-1.25 1.75 -0.25
-0.75 2.25 -0.25
-0.25 2.25 -0.25
0.25 2.25 -0.25
-0.38022 4.2416 -0.65587
-2.9899 1.2151 0.1377
-2.25 0.75 0.25
-1.75 1.75 0.25
-1.25 1.75 0.25
-2.8191 2.7005 -0.13508
-0.75 2.25 0.25
-0.25 2.25 0.25
0.25 2.25 0.25
0.25 0.25 -2.25
0.75 0.75 -2.25
1.5811 0.5131 -2.3393
0.69726 1.5412 -2.3125
1.25 0.25 -1.75
0.75 0.75 -1.75
1.25 0.75 -1.75
1.25 1.25 -1.75
0.25 1.25 -1.75
0.75 1.25 -1.75
1.75 0.75 -1.25
1.75 1.25 -1.25
1.25 1.25 -1.25
0.75 1.75 -1.25
1.25 1.75 -1.25
2.25 0.75 -0.75
1.75 1.25 -0.75
1.25 1.75 -0.75
0.75 2.25 -0.75
2.25 0.75 -0.25
1.75 1.25 -0.25
1.75 1.75 -0.25
1.25 1.75 -0.25
0.75 2.25 -0.25
4.1395 3.0324 -0.51115
4.013 3.1005 -0.48512
3.3175 3.6046 -0.2649
2.25 0.75 0.25
4.2408 0.88573 -0.076057
1.75 1.25 0.25
1.75 1.75 0.25
1.25 1.75 0.25
0.75 2.25 0.25
-1.3461 -2.737 0.61677
-0.75 -2.25 0.25
-0.25 -2.25 0.25
-0.25 -2.25 0.75
-1.75 -1.75 0.25
-1.25 -1.75 0.25
-1.75 -1.25 0.25
-2.25 -0.75 0.25
-2.25 -0.25 0.25
-2.25 -0.25 0.75
-0.75 -2.25 0.75
0.25 -2.25 0.75
-2.2202 -1.798 0.8168
-1.25 -1.75 0.75
-2.1149 -1.6468 0.75031
-1.75 -1.25 0.75
-2.25 -0.75 0.75
-2.25 0.25 0.75
-1.25 -1.75 1.25
-0.75 -1.75 1.25
-0.25 -1.75 1.25
-0.25 -1.75 1.75
-1.75 -1.25 1.25
-1.25 -1.25 1.25
-1.75 -0.75 1.25
-1.75 -0.25 1.25
-1.75 -0.25 1.75
0.25 -1.75 1.75
-1.25 -1.25 1.75
-0.75 -1.25 1.75
-0.25 -1.25 1.75
0.25 -1.25 1.75
-1.25 -0.75 1.75
-0.75 -0.75 1.75
-1.25 -0.25 1.75
-1.75 0.25 1.75
-1.25 0.25 1.75
-0.75 -0.75 2.25
-0.25 -0.75 2.25
0.25 -0.75 2.25
-1.6996 -0.26354 2.3423
-0.75 -0.25 2.25
-0.25 -0.25 2.25
0.25 -0.25 2.25
-0.75 0.25 2.25
-0.25 0.25 2.25
0.25 0.25 2.25
-1.1383 -0.064472 3.7418
-1.9719 -0.067122 4.1975
-1.5048 -0.0771 4.1996
-0.9075 -0.0034218 4.2033
-0.40499 0.10165 4.2079
-0.28805 0.14843 4.1442
0.25 -2.25 0.25
0.75 -2.25 0.75
1.25 -1.75 0.25
1.75 -1.25 0.75
2.25 -0.75 0.75
2.25 -0.25 0.75
2.25 0.25 0.75
1.25 -1.75 0.75
1.25 -1.75 1.25
1.75 -1.25 1.25
0.25 -1.75 1.25
0.75 -1.75 1.25
1.75 -0.75 1.25
1.75 -0.25 1.25
1.75 -0.25 1.75
4.1423 -0.30756 1.6543
1.75 0.25 1.25
1.75 0.25 1.75
2.4537 -0.10536 1.2758
0.75 -1.25 1.75
1.25 -1.25 1.75
1.25 -0.75 1.75
2.0651 -0.53795 2.105
2.1815 -0.39974 2.0425
2.3736 -0.25312 2.0164
1.25 0.25 1.75
0.71653 -1.5213 2.271
0.78805 -1.5302 2.2991
0.75 -0.75 2.25
2.2017 -0.92136 2.5227
0.75 -0.25 2.25
1.934 -0.74502 2.2729
0.75 0.25 2.25
2.7372 -1.0427 2.8479
0.52738 0.15263 3.6917
0.83049 0.13489 3.6771
0.93103 0.11963 3.6825
2.2033 -0.038983 4.2144
-2.25 0.25 0.25
-2.25 0.75 0.75
-2.9314 1.5633 0.30797
-1.75 1.25 0.25
-2.5999 2.1052 0.35185
-2.1834 2.0429 0.62409
-1.25 1.75 0.75
-2.6237 2.5137 0.32398
-2.529 2.5126 0.35048
-0.75 2.25 0.75
-0.25 2.25 0.75
0.25 2.25 0.75
-0.38094 4.2019 0.60998
-1.75 1.25 0.75
-1.75 1.25 1.25
-1.25 1.75 1.25
-1.75 0.25 1.25
-1.75 0.75 1.25
-0.75 1.75 1.25
-0.25 1.75 1.25
-0.25 1.75 1.75
0.25 1.75 1.25
0.25 1.75 1.75
-1.25 0.75 1.75
-1.9542 0.8392 2.0435
-1.25 1.25 1.75
-0.75 1.25 1.75
-0.81958 1.5315 1.9869
0.25 1.25 1.75
-0.75 0.75 2.25
-0.25 0.75 2.25
0.25 0.75 2.25
2.25 0.75 0.75
1.75 1.25 0.75
1.25 1.75 0.75
0.75 2.25 0.75
4.2131 3.1565 0.53701
1.75 1.25 1.25
1.25 1.75 1.25
1.25 1.25 1.75
1.25 0.75 1.75
1.4111 0.7531 2.1521
0.75 1.25 1.75
0.49924 1.5806 2.166
0.75 0.75 2.25
1.4616 0.60084 2.3261
0.6357 1.534 2.2663
0.74136 1.4894 2.2868
0.81334 1.4481 2.2834
